      0/99     14.5G      5.25      20.7         0        26       404       416    0.0758     0.263    0.0401     0.118      5.46      7.09         0
      1/99     14.3G      6.36      12.9         0      19.3       328       416    0.0316   0.00322    0.0343   0.00585      5.78      12.1         0
      2/99     14.3G      5.72      11.5         0      17.2       353       416     0.044     0.157    0.0158    0.0688       5.3      7.66         0
      3/99     14.3G      4.38      4.79         0      9.17       352       416     0.658    0.0202     0.155    0.0392      3.46      3.68         0
      4/99     14.3G      3.74      4.37         0      8.11       296       416      0.43     0.209     0.171     0.281       3.4      3.47         0
      5/99     14.3G      3.57      4.21         0      7.79       339       416     0.338     0.291     0.194     0.312      3.15      3.65         0
      6/99     14.3G      3.43      4.19         0      7.62       285       416     0.447     0.389     0.294     0.416      2.94      3.37         0
      7/99     14.3G       3.3      4.09         0      7.39       372       416     0.429     0.424     0.285     0.427      2.97      3.23         0
      8/99     14.3G      3.19      4.18         0      7.37       416       416     0.285     0.482     0.263     0.358      3.06      3.08         0
      9/99     14.3G      3.38      3.64         0      7.02       321       416     0.232     0.307     0.144     0.264      3.45      2.61         0
     10/99     14.3G      3.85      3.02         0      6.87       297       416     0.415     0.485     0.345     0.447      3.73      2.37         0
     11/99     14.3G      3.77      3.04         0      6.81       356       416     0.502     0.496     0.447     0.499      3.47      2.38         0
     12/99     14.3G      3.31      3.15         0      6.46       339       416     0.574     0.555     0.526     0.564      3.22      2.34         0
     13/99     14.3G      3.04      3.28         0      6.32       301       416     0.647     0.578     0.593     0.611      2.74      2.42         0
     14/99     14.3G      2.72      3.21         0      5.93       257       416     0.641     0.618     0.644     0.629      2.62      2.31         0
     15/99     14.3G       2.8         3         0       5.8       323       416     0.538     0.666     0.649     0.595      2.96      2.14         0
     16/99     14.3G      2.98      2.77         0      5.75       290       416     0.621     0.668     0.682     0.643      3.05      2.05         0
     17/99     14.3G      2.93      2.83         0      5.76       330       416     0.577     0.712     0.694     0.638      2.74      2.12         0
     18/99     14.3G      2.86      2.74         0       5.6       301       416      0.45     0.772     0.665     0.569      2.67      2.05         0
     19/99     14.3G      2.66      2.75         0      5.41       352       416     0.444     0.791     0.666     0.569      2.73      2.06         0
     20/99     14.3G      2.81      2.68         0      5.49       360       416    0.0749     0.652     0.165     0.134       4.5        13         0
     21/99     14.3G      2.43      2.77         0       5.2       437       416     0.076     0.709     0.196     0.137      4.55      11.9         0
     22/99     14.3G      2.58       2.6         0      5.18       339       416    0.0761     0.628     0.128     0.136      4.44      9.33         0
     23/99     14.3G      2.68      2.54         0      5.22       288       416     0.101     0.657      0.15     0.175      4.46      7.11         0
     24/99     14.3G      2.38      2.54         0      4.92       252       416     0.102      0.86     0.309     0.182      3.99       7.5         0
     25/99     14.3G      2.45      2.45         0       4.9       301       416     0.144     0.842     0.307     0.246      3.75      6.28         0
     26/99     14.3G      2.39      2.48         0      4.87       301       416     0.115     0.861     0.348     0.202      3.62      5.91         0
     27/99     14.3G      2.36      2.49         0      4.85       301       416     0.137     0.849     0.367     0.236      3.67      5.25         0
     28/99     14.3G      2.39      2.37         0      4.76       268       416     0.166     0.886     0.363      0.28      3.39      4.66         0
     29/99     14.3G      2.38      2.32         0       4.7       334       416     0.216     0.842     0.329     0.344      3.46      4.09         0
     30/99     14.3G      2.26      2.35         0       4.6       374       416     0.213     0.833     0.405     0.339      3.54      3.85         0
     31/99     14.3G      2.36      2.36         0      4.72       315       416     0.239     0.849     0.448     0.373      3.19      3.49         0
     32/99     14.3G      2.26      2.27         0      4.53       434       416     0.283     0.848     0.454     0.425      2.91      3.18         0
     33/99     14.3G      2.27      2.16         0      4.43       271       416     0.336     0.838     0.512      0.48      2.76      2.77         0
     34/99     14.3G      2.25      2.23         0      4.48       284       416     0.367     0.836     0.551      0.51         3      2.57         0
     35/99     14.3G      2.23      2.21         0      4.44       352       416     0.388     0.801     0.541     0.523      2.97      2.39         0
     36/99     14.3G      2.14       2.2         0      4.34       304       416     0.408     0.888     0.655     0.559      2.39      2.31         0
     37/99     14.3G      2.12      2.14         0      4.25       251       416     0.423     0.884     0.655     0.572      2.35      2.23         0
     38/99     14.3G       2.1      2.12         0      4.22       304       416     0.456     0.835     0.612      0.59      2.86      2.12         0
     39/99     14.3G      2.07      2.21         0      4.27       335       416     0.476     0.846     0.631     0.609      2.65      2.08         0
     40/99     14.3G      2.07      2.19         0      4.25       420       416      0.55     0.888     0.723     0.679      2.15      1.91         0
     41/99     14.3G         2      2.05         0      4.06       343       416     0.585     0.897     0.766     0.708      2.06      1.84         0
     42/99     14.3G      2.05      2.15         0      4.19       306       416     0.528      0.85     0.654     0.651      2.55      1.85         0
     43/99     14.3G      1.96      2.07         0      4.03       301       416     0.579      0.83     0.676     0.682      2.48      1.78         0
     44/99     14.3G      1.92      2.08         0         4       292       416     0.676     0.888     0.793     0.768      1.91      1.72         0
     45/99     14.3G      1.86      1.97         0      3.83       269       416       0.7     0.881     0.804      0.78       1.9      1.69         0
     46/99     14.3G      1.87         2         0      3.87       295       416     0.621      0.86     0.745     0.721      2.26       1.7         0
     47/99     14.3G      1.86      2.01         0      3.88       278       416     0.648     0.825     0.723     0.726       2.3      1.71         0
     48/99     14.3G      1.88      2.09         0      3.98       338       416      0.76     0.877     0.848     0.814       1.8      1.64         0
     49/99     14.3G      1.82      1.97         0      3.79       264       416     0.773     0.885     0.866     0.825      1.75      1.63         0
     50/99     14.3G      1.79      2.04         0      3.83       359       416     0.712      0.81     0.771     0.758      2.27      1.68         0
     51/99     14.3G      1.79      1.98         0      3.77       315       416     0.728     0.813     0.785     0.769      2.19      1.68         0
     52/99     14.3G       1.8      2.06         0      3.86       371       416     0.809     0.886     0.913     0.846      1.67      1.56         0
     53/99     14.3G      1.67      2.01         0      3.68       299       416     0.805     0.887     0.913     0.844      1.66      1.57         0
     54/99     14.3G      1.65      1.96         0      3.61       291       416     0.775     0.885     0.889     0.826      1.95      1.61         0
     55/99     14.3G      1.75      2.05         0       3.8       324       416     0.813     0.863     0.893     0.837      1.94       1.6         0
     56/99     14.3G      1.71      1.98         0      3.68       313       416     0.774     0.899      0.91     0.832      1.79      1.53         0
     57/99     14.3G      1.65      1.97         0      3.62       320       416     0.791     0.894     0.916     0.839      1.71      1.54         0
     58/99     14.3G      1.63      1.99         0      3.63       339       416     0.834     0.869      0.91     0.851      1.85      1.55         0
     59/99     14.3G      1.63      2.04         0      3.67       385       416      0.83     0.898     0.927     0.863      1.65      1.53         0
     60/99     14.3G      1.54      1.89         0      3.43       271       416     0.831     0.893     0.926     0.861      1.63      1.51         0
     61/99     14.3G      1.57      1.87         0      3.45       324       416     0.833     0.895      0.93     0.863      1.54       1.5         0
     62/99     14.3G       1.5      1.94         0      3.44       302       416     0.846     0.894     0.929     0.869      1.59      1.49         0
     63/99     14.3G      1.47      1.95         0      3.42       354       416     0.861     0.901     0.937      0.88      1.53      1.49         0
     64/99     14.3G      1.43      1.92         0      3.35       252       416     0.862     0.902     0.938     0.881      1.48      1.46         0
     65/99     14.3G      1.42      1.83         0      3.25       279       416      0.87     0.899     0.938     0.884      1.46      1.45         0
     66/99     14.3G       1.4      1.88         0      3.28       328       416     0.882     0.892     0.934     0.887      1.53      1.44         0
     67/99     14.3G      1.42      1.93         0      3.36       337       416      0.88     0.901     0.939      0.89       1.5      1.43         0
     68/99     14.3G      1.38      1.85         0      3.22       319       416     0.899     0.899     0.943     0.899       1.4      1.43         0
     69/99     14.3G      1.38      1.89         0      3.27       346       416     0.899     0.898     0.943     0.898      1.38      1.42         0
     70/99     14.3G      1.35      1.81         0      3.17       276       416     0.899     0.901     0.945       0.9       1.4      1.41         0
     71/99     14.3G      1.35      1.86         0      3.21       320       416     0.892     0.904     0.945     0.898      1.36       1.4         0
     72/99     14.3G      1.31       1.8         0      3.11       297       416     0.897     0.904     0.946       0.9      1.35      1.39         0
     73/99     14.3G       1.3      1.78         0      3.08       293       416      0.88       0.9     0.942      0.89      1.39       1.4         0
     74/99     14.3G      1.33       1.9         0      3.23       356       416     0.889     0.904     0.945     0.896      1.33      1.39         0
     75/99     14.3G       1.3      1.88         0      3.18       249       416     0.888     0.908     0.945     0.898      1.33      1.38         0
     76/99     14.3G      1.31      1.82         0      3.13       365       416     0.899     0.902     0.946       0.9      1.31      1.39         0
     77/99     14.3G      1.32      1.83         0      3.15       380       416     0.896     0.905     0.946     0.901      1.31      1.38         0
     78/99     14.3G      1.25      1.75         0         3       322       416     0.895     0.905     0.946       0.9       1.3      1.37         0
     79/99     14.3G      1.33      1.87         0       3.2       329       416      0.89     0.906     0.946     0.898      1.28      1.35         0
     80/99     14.3G      1.29      1.84         0      3.13       358       416     0.895     0.907     0.948     0.901      1.28      1.35         0
     81/99     14.3G      1.27       1.8         0      3.07       287       416     0.902     0.907     0.949     0.905      1.26      1.35         0
     82/99     14.3G      1.27       1.8         0      3.07       274       416     0.904     0.905     0.949     0.904      1.26      1.35         0
     83/99     14.3G      1.27      1.84         0      3.11       324       416     0.902     0.908     0.949     0.905      1.25      1.34         0
     84/99     14.3G      1.26      1.78         0      3.04       325       416     0.895     0.911     0.949     0.903      1.24      1.33         0
     85/99     14.3G      1.32      1.88         0       3.2       395       416     0.894     0.912     0.949     0.903      1.23      1.32         0
     86/99     14.3G      1.27      1.76         0      3.03       291       416     0.895     0.913     0.949     0.904      1.22      1.32         0
     87/99     14.3G      1.28      1.78         0      3.06       325       416     0.895     0.913      0.95     0.904      1.23      1.32         0
     88/99     14.3G      1.29      1.81         0       3.1       400       416     0.899     0.912      0.95     0.906      1.22      1.32         0
     89/99     14.3G      1.29      1.83         0      3.13       309       416       0.9     0.914     0.951     0.907      1.21      1.31         0
     90/99     14.3G      1.27      1.81         0      3.09       302       416     0.899     0.916     0.951     0.907       1.2      1.31         0
     91/99     14.3G      1.29      1.84         0      3.12       334       416     0.896     0.917     0.951     0.906       1.2       1.3         0
     92/99     14.3G      1.24      1.81         0      3.05       347       416     0.894     0.917     0.951     0.905       1.2       1.3         0
     93/99     14.3G      1.26      1.79         0      3.05       367       416     0.892     0.918     0.953     0.905      1.19       1.3         0
     94/99     14.3G      1.31      1.83         0      3.14       295       416     0.891     0.919     0.955     0.905      1.19      1.29         0
     95/99     14.3G      1.28       1.8         0      3.08       348       416     0.889      0.92     0.955     0.904      1.19      1.29         0
     96/99     14.3G      1.27      1.83         0       3.1       283       416     0.888     0.921     0.955     0.904      1.19      1.29         0
     97/99     14.3G      1.23      1.75         0      2.99       287       416     0.886     0.921     0.955     0.903      1.18      1.28         0
     98/99     14.3G      1.27      1.82         0      3.09       346       416     0.886     0.922     0.956     0.903      1.18      1.28         0
     99/99     14.3G      1.29      1.84         0      3.13       336       416     0.884     0.922     0.957     0.903      1.18      1.28         0
