      0/99     7.31G      5.37      12.4         0      17.8       139       416    0.0369     0.122    0.0167    0.0567      4.86      5.52         0
      1/99     10.2G      5.39       6.9         0      12.3       134       416    0.0984     0.136    0.0193     0.114      5.12      3.95         0
      2/99     10.2G       4.5      6.35         0      10.8       186       416     0.216     0.361     0.159      0.27      4.12      3.42         0
      3/99     10.2G      3.81      3.49         0       7.3       216       416     0.482     0.435     0.358     0.457       3.4       2.1         0
      4/99     10.2G      3.17      3.71         0      6.88       202       416     0.354     0.548     0.296      0.43      3.05      2.43         0
      5/99     10.2G      2.85      3.66         0      6.51       145       416     0.325     0.531      0.24     0.403      2.92      2.35         0
      6/99     10.2G      2.88      3.11         0      5.98       142       416     0.281     0.488     0.209     0.357       3.4      2.17         0
      7/99     10.2G      2.83      2.97         0       5.8       142       416     0.333     0.556     0.305     0.417       3.1      2.14         0
      8/99     10.2G      2.73      2.81         0      5.54       141       416     0.436     0.725     0.475     0.545      2.87      1.99         0
      9/99     10.2G      2.64      2.64         0      5.28       154       416     0.414     0.732     0.497     0.529      3.25      1.72         0
     10/99     10.2G      2.67      2.56         0      5.22       143       416      0.39     0.788     0.488     0.522      3.07      1.85         0
     11/99     10.2G      2.51      2.47         0      4.99       156       416     0.143      0.81     0.275     0.244      3.95      4.07         0
     12/99     10.2G      2.27      2.44         0      4.71       143       416     0.129     0.831     0.277     0.223      3.85      4.64         0
     13/99     10.2G      2.31      2.36         0      4.67       135       416     0.176     0.876     0.361     0.293      3.32      3.38         0
     14/99     10.2G      2.15      2.44         0      4.59       191       416     0.168     0.889     0.447     0.283      3.15      3.27         0
     15/99     10.2G      2.12      2.36         0      4.48       188       416     0.203     0.916     0.525     0.332      2.74       2.7         0
     16/99     10.2G      2.07      2.31         0      4.38       154       416     0.243     0.913     0.567     0.384      2.74      2.25         0
     17/99     10.2G      1.95      2.23         0      4.18       191       416     0.319      0.92     0.655     0.473      2.55      1.82         0
     18/99     10.2G      1.98      2.25         0      4.23       166       416      0.35      0.92     0.671     0.507      2.47      1.69         0
     19/99     10.2G      1.99      2.07         0      4.06       192       416      0.44     0.929     0.742     0.597      2.47      1.51         0
     20/99     10.2G      1.91      2.18         0       4.1       198       416     0.406     0.941     0.736     0.568       2.2      1.46         0
     21/99     10.2G      1.92      2.06         0      3.98       174       416     0.488      0.94     0.755     0.642      2.07      1.36         0
     22/99     10.2G      1.93      2.03         0      3.96       195       416     0.557     0.941     0.823       0.7      1.99       1.3         0
     23/99     10.2G      1.84      1.94         0      3.78       203       416     0.621     0.947     0.859      0.75      1.89      1.26         0
     24/99     10.2G      1.81      1.93         0      3.74       147       416     0.581     0.954     0.909     0.722      1.87      1.28         0
     25/99     10.2G      1.81      1.96         0      3.77       193       416     0.603     0.957     0.878      0.74      1.81      1.21         0
     26/99     10.2G      1.66      1.85         0      3.51       178       416     0.671     0.952     0.903     0.787      1.86      1.18         0
     27/99     10.2G      1.74      1.94         0      3.69       218       416     0.619     0.952     0.878      0.75      1.98       1.2         0
     28/99     10.2G      1.65       1.8         0      3.45       138       416     0.803     0.949     0.948      0.87      1.81      1.11         0
     29/99     10.2G      1.66      1.88         0      3.54       182       416     0.841     0.957     0.941     0.895      1.68      1.12         0
     30/99     10.2G      1.61      1.81         0      3.42       162       416     0.848      0.96     0.945     0.901      1.72       1.1         0
     31/99     10.2G      1.53      1.78         0      3.31       127       416     0.806      0.96     0.924     0.876      1.56      1.13         0
     32/99     10.2G      1.56      1.87         0      3.43       164       416     0.819     0.961     0.941     0.884      1.59       1.1         0
     33/99     10.2G      1.61      1.75         0      3.36       145       416     0.839     0.961     0.943     0.896       1.5      1.06         0
     34/99     10.2G      1.55      1.77         0      3.33       118       416     0.839      0.96     0.948     0.895      1.51      1.12         0
     35/99     10.2G      1.59      1.83         0      3.42       144       416     0.841     0.963     0.945     0.898      1.53      1.06         0
     36/99     10.2G      1.53      1.77         0       3.3       228       416     0.905     0.963     0.973     0.933       1.4      1.06         0
     37/99     10.2G      1.47      1.78         0      3.25       127       416     0.926      0.96     0.972     0.943      1.52      1.06         0
     38/99     10.2G      1.45      1.72         0      3.16       208       416     0.903     0.961     0.974     0.931      1.31      1.03         0
     39/99     10.2G       1.5      1.75         0      3.25       152       416     0.928     0.955     0.972     0.942      1.45      1.02         0
     40/99     10.2G      1.41       1.7         0      3.11       169       416     0.898     0.964     0.969      0.93      1.36      1.02         0
     41/99     10.2G       1.4      1.69         0      3.09       125       416      0.87     0.963     0.948     0.914      1.26     0.985         0
     42/99     10.2G      1.36      1.68         0      3.04       147       416     0.845     0.966     0.949     0.901      1.35     0.988         0
     43/99     10.2G      1.37      1.73         0       3.1       217       416      0.91     0.969     0.972     0.938      1.21         1         0
     44/99     10.2G      1.28      1.57         0      2.85       152       416     0.853     0.964     0.969     0.905      1.34      1.01         0
     45/99     10.2G      1.34      1.65         0      2.99       201       416     0.869     0.966     0.971     0.915       1.3      1.01         0
     46/99     10.2G      1.33      1.67         0         3       183       416     0.883     0.966     0.972     0.923      1.43      1.02         0
     47/99     10.2G      1.25      1.58         0      2.83       180       416     0.872     0.964     0.969     0.916      1.26     0.978         0
     48/99     10.2G      1.29      1.67         0      2.96       183       416     0.875     0.966      0.97     0.918      1.08     0.943         0
     49/99     10.2G      1.26       1.6         0      2.87       145       416     0.897     0.963     0.969     0.929      1.12     0.937         0
     50/99     10.2G      1.24      1.67         0      2.91       168       416     0.898     0.963     0.971      0.93      1.04     0.908         0
     51/99     10.2G      1.24      1.57         0      2.81       153       416     0.916     0.966     0.972      0.94      1.03     0.912         0
     52/99     10.2G      1.17      1.56         0      2.73       184       416     0.919     0.966     0.974     0.942      1.18     0.918         0
     53/99     10.2G      1.14       1.6         0      2.74       165       416     0.908     0.967     0.975     0.937      1.04     0.905         0
     54/99     10.2G      1.14      1.61         0      2.75       187       416     0.912     0.966     0.975     0.938      1.13     0.913         0
     55/99     10.2G      1.12      1.52         0      2.65       162       416     0.933     0.963     0.975     0.948      1.22     0.927         0
     56/99     10.2G      1.13       1.6         0      2.73       211       416     0.919     0.967     0.975     0.943     0.999     0.911         0
     57/99     10.2G      1.13      1.57         0      2.69       181       416     0.919     0.967     0.975     0.943     0.997     0.902         0
     58/99     10.2G      1.05      1.49         0      2.54       152       416     0.919     0.967     0.975     0.942      1.04     0.902         0
     59/99     10.2G      1.08      1.61         0      2.69       193       416      0.92     0.972     0.976     0.946     0.997     0.902         0
     60/99     10.2G      1.06      1.52         0      2.58       173       416     0.937     0.971     0.976     0.954     0.992     0.898         0
     61/99     10.2G      1.07      1.48         0      2.55       166       416     0.946     0.971      0.98     0.958     0.973     0.888         0
     62/99     10.2G      1.08      1.54         0      2.61       214       416     0.938     0.969     0.978     0.953     0.972     0.889         0
     63/99     10.2G      1.02      1.44         0      2.46       145       416     0.939      0.97     0.978     0.954      1.01     0.893         0
     64/99     10.2G      1.01      1.45         0      2.46       174       416     0.943     0.969     0.979     0.956     0.993     0.888         0
     65/99     10.2G      1.01      1.47         0      2.48       191       416     0.946     0.969     0.978     0.958     0.974     0.886         0
     66/99     10.2G      1.03      1.47         0      2.51       185       416     0.944     0.969     0.979     0.956     0.965     0.879         0
     67/99     10.2G     0.996      1.47         0      2.46       160       416     0.941     0.969     0.979     0.955     0.956     0.878         0
     68/99     10.2G      1.01      1.52         0      2.53       167       416     0.947      0.97     0.979     0.958      1.02     0.897         0
     69/99     10.2G      1.02      1.49         0      2.51       159       416      0.95      0.97     0.979      0.96     0.975     0.881         0
     70/99     10.2G     0.988      1.51         0      2.49       143       416     0.946      0.97     0.979     0.958     0.926     0.876         0
     71/99     10.2G     0.979      1.43         0      2.41       157       416     0.948     0.969     0.979     0.958      0.93     0.877         0
     72/99     10.2G      1.02      1.47         0      2.49       190       416     0.948     0.971     0.979     0.959     0.947     0.868         0
     73/99     10.2G      1.01      1.43         0      2.43       159       416      0.95      0.97     0.979      0.96     0.938     0.876         0
     74/99     10.2G     0.977      1.47         0      2.45       148       416     0.944     0.971     0.979     0.957     0.913     0.869         0
     75/99     10.2G     0.987      1.47         0      2.46       141       416     0.949     0.971     0.979      0.96     0.912     0.875         0
     76/99     10.2G         1      1.47         0      2.47       142       416     0.953     0.973     0.979     0.963     0.917     0.868         0
     77/99     10.2G     0.967      1.41         0      2.38       181       416      0.95     0.972     0.979     0.961      0.92     0.866         0
     78/99     10.2G     0.975      1.44         0      2.41       167       416     0.948     0.972     0.979      0.96     0.919     0.857         0
     79/99     10.2G         1      1.48         0      2.48       186       416      0.95     0.969     0.979     0.959     0.909     0.858         0
     80/99     10.2G     0.997      1.46         0      2.46       160       416     0.951     0.972     0.979     0.961     0.915     0.863         0
     81/99     10.2G     0.963      1.46         0      2.42       204       416     0.949     0.972     0.979      0.96      0.92     0.865         0
     82/99     10.2G     0.975      1.44         0      2.42       169       416     0.952     0.972     0.979     0.962     0.906      0.86         0
     83/99     10.2G     0.953      1.44         0       2.4       183       416     0.953     0.974      0.98     0.963     0.922     0.859         0
     84/99     10.2G     0.996      1.46         0      2.46       179       416     0.952     0.972     0.979     0.962     0.902     0.865         0
     85/99     10.2G     0.964      1.48         0      2.45       186       416     0.952     0.972     0.979     0.962     0.898     0.868         0
     86/99     10.2G     0.966      1.37         0      2.33       180       416     0.952     0.972     0.979     0.962     0.906     0.869         0
     87/99     10.2G     0.969      1.44         0      2.41       220       416     0.954     0.973     0.979     0.963     0.899     0.864         0
     88/99     10.2G     0.974      1.47         0      2.44       192       416      0.95     0.973      0.98     0.961     0.902      0.86         0
     89/99     10.2G     0.951      1.47         0      2.42       196       416     0.953     0.973      0.98     0.963     0.905      0.86         0
     90/99     10.2G     0.953      1.42         0      2.37       193       416     0.953     0.972      0.98     0.962     0.899     0.858         0
     91/99     10.2G     0.978      1.49         0      2.47       171       416     0.954     0.972      0.98     0.963     0.897     0.858         0
     92/99     10.2G     0.956      1.38         0      2.34       157       416     0.954     0.972      0.98     0.963     0.898     0.859         0
     93/99     10.2G     0.994      1.48         0      2.48       156       416     0.954     0.972      0.98     0.963     0.894     0.858         0
     94/99     10.2G     0.966      1.47         0      2.44       159       416     0.952     0.972      0.98     0.962     0.895     0.859         0
     95/99     10.2G     0.949      1.37         0      2.32       195       416     0.952     0.972      0.98     0.962     0.892     0.859         0
     96/99     10.2G     0.989       1.5         0      2.48       175       416     0.952     0.973      0.98     0.962     0.891     0.859         0
     97/99     10.2G     0.953      1.45         0       2.4       170       416     0.953     0.973      0.98     0.963      0.89     0.858         0
     98/99     10.2G     0.956      1.46         0      2.42       162       416     0.952     0.972      0.98     0.962      0.89     0.858         0
     99/99     10.2G     0.966      1.47         0      2.43       168       416     0.952     0.972      0.98     0.962     0.889     0.858         0
