      0/99     1.91G      4.42      8.26         0      12.7        68       416     0.314     0.556     0.277     0.401      3.47      4.63         0
      1/99     4.09G      3.41      5.06         0      8.47        57       416     0.475     0.735     0.531     0.577      2.63      3.63         0
      2/99     4.09G      2.81      4.04         0      6.85        64       416     0.519     0.748     0.545     0.612      2.54      2.89         0
      3/99     4.09G      2.26      2.83         0      5.09        92       416     0.279     0.748     0.455     0.407       3.1      2.52         0
      4/99     4.09G      2.18      2.47         0      4.65        91       416     0.213     0.872       0.5     0.342      3.07      3.36         0
      5/99     4.09G      2.11      2.41         0      4.52        82       416     0.408     0.901     0.735     0.562      2.26      2.12         0
      6/99     4.09G      1.92       2.2         0      4.12        66       416     0.425     0.915     0.709     0.581      2.46      2.19         0
      7/99     4.09G      1.79      2.22         0      4.01        65       416     0.605      0.94     0.864     0.736      1.88      1.85         0
      8/99     4.09G      1.79      2.15         0      3.95        60       416     0.718     0.941     0.906     0.815      1.65      1.69         0
      9/99     4.09G      1.72      2.04         0      3.75        95       416     0.767     0.946     0.936     0.847      1.54      1.65         0
     10/99     4.09G      1.65      2.06         0      3.71        74       416     0.794     0.947     0.935     0.864      1.84      1.63         0
     11/99     4.09G      1.62      1.93         0      3.54       111       416     0.875     0.943      0.95     0.907      1.46      1.54         0
     12/99     4.09G      1.63      1.89         0      3.52        82       416      0.85      0.94     0.948     0.893      1.73      1.53         0
     13/99     4.09G      1.57      1.89         0      3.46        72       416     0.914     0.941     0.961     0.927      1.38       1.5         0
     14/99     4.09G      1.51      1.86         0      3.38        39       416     0.818      0.95     0.939     0.879      1.39      1.48         0
     15/99     4.09G      1.52      1.79         0      3.31        78       416     0.869     0.955     0.955      0.91      1.47      1.48         0
     16/99     4.09G      1.46       1.8         0      3.26        63       416     0.914     0.955     0.967     0.934      1.36      1.46         0
     17/99     4.09G      1.41      1.74         0      3.14        49       416     0.911      0.95     0.962      0.93       1.2      1.42         0
     18/99     4.09G      1.35       1.8         0      3.15        88       416     0.912     0.954     0.966     0.932       1.4      1.44         0
     19/99     4.09G      1.36      1.69         0      3.05        96       416     0.855      0.95     0.924       0.9      1.27      1.38         0
     20/99     4.09G      1.35      1.79         0      3.15        70       416      0.92     0.949     0.969     0.934      1.08      1.33         0
     21/99     4.09G      1.28      1.76         0      3.03        46       416     0.925     0.957     0.979     0.941       1.3      1.35         0
     22/99     4.09G      1.27      1.74         0      3.01       120       416     0.936     0.954     0.971     0.945      1.05      1.33         0
     23/99     4.09G      1.24      1.64         0      2.88        82       416     0.945     0.956     0.973     0.951      1.01       1.3         0
     24/99     4.09G      1.23      1.68         0      2.92        72       416     0.945     0.954     0.973      0.95      1.06      1.38         0
     25/99     4.09G      1.18      1.64         0      2.82        50       416     0.939     0.961     0.977      0.95      0.96      1.28         0
     26/99     4.09G      1.17      1.57         0      2.74        66       416     0.923     0.964     0.978     0.943     0.982       1.3         0
     27/99     4.09G       1.2      1.66         0      2.86        94       416     0.955     0.955     0.975     0.955      1.02      1.36         0
     28/99     4.09G      1.15      1.56         0      2.71        67       416     0.926      0.96      0.97     0.943      1.12      1.36         0
     29/99     4.09G      1.11      1.61         0      2.72        63       416     0.948     0.963     0.978     0.955     0.951      1.28         0
     30/99     4.09G      1.11      1.53         0      2.64        50       416     0.954     0.961     0.976     0.958      1.04       1.3         0
     31/99     4.09G      1.08      1.55         0      2.63       100       416     0.949     0.964     0.977     0.956     0.977      1.28         0
     32/99     4.09G       1.1      1.58         0      2.68        73       416     0.963     0.959     0.978     0.961     0.936      1.27         0
     33/99     4.09G      1.08      1.47         0      2.55        95       416     0.961     0.963     0.979     0.962     0.986      1.28         0
     34/99     4.09G      1.08      1.53         0      2.61        53       416      0.95     0.967     0.979     0.959     0.896      1.22         0
     35/99     4.09G      1.06      1.58         0      2.63       102       416     0.955      0.96     0.982     0.957     0.888      1.23         0
     36/99     4.09G      1.06      1.51         0      2.57        94       416     0.953     0.964     0.978     0.958     0.941       1.2         0
     37/99     4.09G      1.06      1.58         0      2.64        80       416     0.956     0.966     0.976     0.961     0.861      1.22         0
     38/99     4.09G      1.03      1.49         0      2.52        68       416     0.947     0.963     0.984     0.955     0.938      1.28         0
     39/99     4.09G      1.05      1.57         0      2.62       100       416     0.942     0.963     0.977     0.952     0.896       1.2         0
     40/99     4.09G      1.01      1.48         0      2.49        60       416     0.962     0.964     0.979     0.963     0.858       1.2         0
     41/99     4.09G     0.982       1.5         0      2.48        75       416     0.963     0.967     0.977     0.965     0.849      1.18         0
     42/99     4.09G     0.983      1.51         0      2.49        88       416     0.957     0.971     0.984     0.964     0.835      1.22         0
     43/99     4.09G     0.968      1.49         0      2.46        78       416     0.957     0.969     0.984     0.963     0.796      1.19         0
     44/99     4.09G     0.953      1.38         0      2.33        68       416     0.959     0.966     0.978     0.963     0.897      1.19         0
     45/99     4.09G     0.965      1.42         0      2.39       108       416     0.964     0.963     0.986     0.964     0.789      1.17         0
     46/99     4.09G      0.94      1.44         0      2.39        67       416     0.957     0.967     0.986     0.962     0.861      1.19         0
     47/99     4.09G      0.91      1.35         0      2.26        54       416     0.959     0.967      0.98     0.963     0.853      1.17         0
     48/99     4.09G     0.947      1.46         0      2.41        86       416     0.953     0.966     0.978      0.96     0.788      1.16         0
     49/99     4.09G      0.92       1.4         0      2.32        50       416     0.961     0.966     0.979     0.963     0.779      1.15         0
     50/99     4.09G     0.905      1.43         0      2.33        64       416     0.966     0.964     0.979     0.965     0.816       1.2         0
     51/99     4.09G     0.904      1.41         0      2.32        43       416     0.967     0.969      0.98     0.968     0.773      1.14         0
     52/99     4.09G     0.878      1.35         0      2.23        84       416     0.966     0.968     0.979     0.967     0.763      1.15         0
     53/99     4.09G     0.902      1.43         0      2.33        69       416     0.952     0.969     0.978     0.961     0.777      1.17         0
     54/99     4.09G     0.906      1.41         0      2.32        55       416     0.955     0.967     0.979     0.961     0.779      1.14         0
     55/99     4.09G     0.872      1.38         0      2.26        88       416      0.96     0.966     0.979     0.963     0.744      1.16         0
     56/99     4.09G     0.891      1.42         0      2.31        72       416     0.964     0.964      0.98     0.964      0.78      1.16         0
     57/99     4.09G     0.908       1.4         0      2.31        72       416     0.967     0.963     0.979     0.965     0.747      1.12         0
     58/99     4.09G     0.855      1.32         0      2.18        43       416     0.963     0.963     0.979     0.963     0.764      1.13         0
     59/99     4.09G     0.876      1.44         0      2.32        69       416      0.96     0.962     0.979     0.961      0.79      1.12         0
     60/99     4.09G      0.86      1.38         0      2.24       111       416     0.959     0.961     0.979      0.96     0.769      1.13         0
     61/99     4.09G     0.872      1.33         0       2.2        43       416     0.962     0.964      0.98     0.963     0.767      1.12         0
     62/99     4.09G     0.875      1.39         0      2.27        77       416     0.966     0.964     0.979     0.965      0.74      1.12         0
     63/99     4.09G     0.838       1.3         0      2.13        59       416     0.967     0.964     0.979     0.966     0.744      1.11         0
     64/99     4.09G     0.832      1.28         0      2.11        55       416     0.967     0.964     0.979     0.966     0.766      1.12         0
     65/99     4.09G     0.839      1.29         0      2.13        87       416     0.966     0.963      0.98     0.964      0.75      1.11         0
     66/99     4.09G     0.862      1.36         0      2.22        62       416     0.962     0.963     0.979     0.962     0.731       1.1         0
     67/99     4.09G     0.826      1.32         0      2.15        80       416     0.966     0.963     0.979     0.964     0.743      1.09         0
     68/99     4.09G     0.845      1.38         0      2.23        70       416      0.96     0.962     0.979     0.961     0.737      1.09         0
     69/99     4.09G     0.836      1.31         0      2.14        49       416     0.965     0.964     0.979     0.964     0.719      1.09         0
     70/99     4.09G      0.83      1.37         0       2.2        71       416     0.963     0.964     0.979     0.964     0.715       1.1         0
     71/99     4.09G      0.82      1.31         0      2.13        88       416     0.963     0.963      0.98     0.963     0.732      1.09         0
     72/99     4.09G     0.821      1.31         0      2.13        85       416     0.964     0.964     0.979     0.964     0.732       1.1         0
     73/99     4.09G     0.833      1.29         0      2.13        54       416     0.964     0.964     0.979     0.964     0.714      1.08         0
     74/99     4.09G     0.819      1.33         0      2.15       113       416     0.966     0.965     0.979     0.966     0.702      1.07         0
     75/99     4.09G     0.831      1.32         0      2.15        93       416     0.967     0.964     0.979     0.966     0.721      1.08         0
     76/99     4.09G     0.834      1.33         0      2.17        85       416     0.966     0.963     0.979     0.964     0.716      1.07         0
     77/99     4.09G     0.796      1.28         0      2.07        79       416     0.964     0.963      0.98     0.964     0.711      1.08         0
     78/99     4.09G     0.809      1.29         0       2.1        60       416     0.967     0.963     0.979     0.965     0.722      1.07         0
     79/99     4.09G     0.829      1.33         0      2.15        47       416     0.969     0.962     0.979     0.966     0.704      1.07         0
     80/99     4.09G     0.827      1.32         0      2.15        86       416     0.967     0.963     0.979     0.965     0.706      1.07         0
     81/99     4.09G     0.785      1.28         0      2.06        65       416     0.967     0.963     0.979     0.965     0.707      1.07         0
     82/99     4.09G     0.809      1.31         0      2.11        38       416     0.964     0.963     0.979     0.963     0.703      1.07         0
     83/99     4.09G     0.788      1.31         0       2.1        54       416     0.965     0.963      0.98     0.964      0.73      1.09         0
     84/99     4.09G     0.811      1.29         0       2.1        64       416     0.966     0.963     0.979     0.964      0.71      1.08         0
     85/99     4.09G     0.809      1.32         0      2.13        96       416     0.966     0.963     0.979     0.965     0.705      1.07         0
     86/99     4.09G       0.8      1.27         0      2.07        71       416     0.967     0.964     0.979     0.966     0.712      1.07         0
     87/99     4.09G     0.789      1.27         0      2.06       108       416     0.967     0.964     0.979     0.966     0.712      1.07         0
     88/99     4.09G     0.806      1.28         0      2.08        62       416     0.967     0.963     0.979     0.965     0.712      1.07         0
     89/99     4.09G     0.787      1.31         0      2.09        58       416     0.967     0.963     0.979     0.965     0.698      1.07         0
     90/99     4.09G     0.791      1.23         0      2.02        44       416     0.967     0.963     0.979     0.965     0.703      1.07         0
     91/99     4.09G     0.809      1.32         0      2.13        54       416     0.967     0.963     0.979     0.965       0.7      1.07         0
     92/99     4.09G     0.775      1.23         0      2.01        32       416     0.967     0.963     0.979     0.965     0.706      1.07         0
     93/99     4.09G     0.812      1.33         0      2.14        75       416     0.967     0.963      0.98     0.965     0.703      1.07         0
     94/99     4.09G      0.79      1.33         0      2.12        79       416     0.967     0.963      0.98     0.965     0.703      1.07         0
     95/99     4.09G     0.776      1.22         0         2        55       416     0.967     0.963      0.98     0.965     0.705      1.07         0
     96/99     4.09G     0.821      1.35         0      2.17        45       416     0.967     0.963      0.98     0.965     0.703      1.07         0
     97/99     4.09G     0.807      1.34         0      2.14       112       416     0.967     0.964     0.979     0.966     0.703      1.07         0
     98/99     4.09G     0.815      1.34         0      2.16       114       416     0.967     0.964     0.979     0.966     0.704      1.07         0
     99/99     4.09G      0.81      1.34         0      2.15        71       416     0.967     0.964     0.985     0.966     0.705      1.07         0
