      0/99     7.31G      5.26      10.7         0      15.9       326       416    0.0157    0.0174   0.00648    0.0165      4.57      5.22         0
      1/99     9.33G      4.74       6.3         0        11       287       416     0.166     0.303    0.0723     0.214      4.39      4.56         0
      2/99     9.33G      4.21       5.8         0        10       283       416     0.201     0.419     0.153     0.272      3.71      4.14         0
      3/99     9.33G      3.21      3.73         0      6.94       307       416     0.496     0.575     0.396     0.533      2.84      3.02         0
      4/99     9.33G      2.75      3.46         0      6.21       294       416     0.713     0.645      0.66     0.677      2.53      2.82         0
      5/99     9.33G      2.49      3.19         0      5.69       292       416     0.783     0.707     0.731     0.743      2.41       2.6         0
      6/99     9.33G      2.74       2.9         0      5.63       311       416     0.776     0.738     0.774     0.757      3.06      2.17         0
      7/99     9.33G      2.78      2.67         0      5.45       308       416     0.805     0.759     0.808     0.781      2.78      2.04         0
      8/99     9.33G       2.5      2.76         0      5.25       294       416     0.719     0.807     0.819      0.76      2.73      1.93         0
      9/99     9.33G      2.52      2.43         0      4.95       361       416     0.646     0.821     0.793     0.723      2.54      1.91         0
     10/99     9.33G      2.32      2.38         0       4.7       344       416     0.308     0.875     0.499     0.456      3.17      2.71         0
     11/99     9.33G      2.18      2.39         0      4.57       296       416     0.296       0.9      0.53     0.446      2.85       2.7         0
     12/99     9.33G      2.07      2.26         0      4.32       337       416     0.282     0.907     0.546     0.431      2.96      2.69         0
     13/99     9.33G      2.05      2.35         0       4.4       333       416     0.333     0.905     0.584     0.487      2.48      2.41         0
     14/99     9.33G      1.93      2.19         0      4.12       325       416     0.316     0.933     0.597     0.472      2.47      2.27         0
     15/99     9.33G      1.87      2.18         0      4.05       299       416      0.35      0.93     0.622     0.509      2.42      2.11         0
     16/99     9.33G      1.92      2.08         0         4       292       416      0.49      0.93     0.747     0.642      2.21      1.86         0
     17/99     9.33G      1.85      2.09         0      3.95       334       416     0.479     0.932     0.729     0.632      2.17      1.77         0
     18/99     9.33G      1.91      2.06         0      3.97       396       416     0.476     0.936     0.783     0.631      2.17      1.74         0
     19/99     9.33G      1.88      1.97         0      3.85       268       416      0.52     0.933     0.801     0.668      2.15       1.7         0
     20/99     9.33G      1.78      1.93         0       3.7       337       416     0.535     0.945     0.824     0.683      2.01      1.65         0
     21/99     9.33G      1.78      1.86         0      3.64       282       416     0.548     0.949     0.863     0.695      1.88      1.62         0
     22/99     9.33G      1.72       1.9         0      3.61       380       416     0.713      0.94     0.915     0.811      1.66       1.5         0
     23/99     9.33G       1.7      1.83         0      3.54       324       416     0.755     0.934     0.915     0.835      1.74      1.49         0
     24/99     9.33G      1.63      1.84         0      3.47       303       416     0.646     0.947     0.887     0.768      1.75      1.47         0
     25/99     9.33G      1.62       1.8         0      3.43       267       416     0.704     0.949     0.904     0.809      1.54      1.43         0
     26/99     9.33G      1.59      1.85         0      3.44       352       416     0.677     0.949     0.897      0.79      1.72      1.42         0
     27/99     9.33G      1.56      1.83         0      3.39       272       416     0.708     0.949     0.915     0.811      1.61       1.4         0
     28/99     9.33G      1.56      1.76         0      3.32       306       416     0.796     0.937     0.937     0.861       1.5      1.37         0
     29/99     9.33G      1.49      1.77         0      3.26       345       416     0.695     0.943     0.906       0.8      1.62       1.4         0
     30/99     9.33G       1.5      1.79         0       3.3       443       416     0.774      0.95     0.935     0.853      1.37      1.39         0
     31/99     9.33G       1.5      1.78         0      3.28       305       416     0.803     0.948      0.94      0.87      1.34      1.35         0
     32/99     9.33G      1.48       1.7         0      3.19       294       416     0.761     0.953      0.93     0.846      1.48      1.39         0
     33/99     9.33G      1.43      1.67         0       3.1       328       416     0.841     0.953      0.96     0.893      1.27      1.32         0
     34/99     9.33G      1.43      1.76         0      3.19       329       416     0.748     0.949     0.916     0.837       1.5      1.34         0
     35/99     9.33G      1.42       1.7         0      3.13       261       416     0.777      0.95     0.932     0.855      1.42       1.3         0
     36/99     9.33G       1.4      1.69         0      3.09       366       416      0.85     0.945     0.953     0.895      1.29      1.32         0
     37/99     9.33G      1.34      1.65         0      2.99       257       416     0.827     0.947     0.951     0.883      1.39      1.32         0
     38/99     9.33G      1.33      1.67         0      2.99       270       416     0.874     0.945     0.959     0.908      1.28      1.31         0
     39/99     9.33G       1.3      1.68         0      2.99       361       416     0.896      0.95     0.971     0.922      1.21      1.28         0
     40/99     9.33G      1.31      1.66         0      2.97       390       416     0.871     0.949     0.957     0.908      1.24      1.26         0
     41/99     9.33G      1.29       1.6         0      2.89       353       416     0.903     0.941     0.966     0.921       1.3      1.29         0
     42/99     9.33G      1.29      1.64         0      2.93       328       416     0.905     0.949     0.974     0.927      1.11      1.26         0
     43/99     9.33G      1.21      1.53         0      2.75       254       416     0.891     0.951     0.973      0.92      1.19       1.2         0
     44/99     9.33G      1.23      1.56         0      2.78       306       416     0.918     0.947     0.976     0.932      1.09      1.22         0
     45/99     9.33G      1.22      1.53         0      2.75       280       416     0.898      0.95     0.974     0.923      1.11      1.19         0
     46/99     9.33G      1.16      1.54         0       2.7       305       416     0.906     0.951     0.976     0.928      1.09      1.19         0
     47/99     9.33G      1.16      1.53         0      2.69       370       416      0.92     0.949     0.977     0.934      1.11       1.2         0
     48/99     9.33G      1.18      1.57         0      2.75       296       416     0.906     0.953     0.975     0.929      1.17      1.18         0
     49/99     9.33G      1.13      1.55         0      2.67       317       416     0.913     0.953     0.977     0.932      1.01      1.17         0
     50/99     9.33G      1.14      1.55         0      2.68       298       416     0.909     0.955     0.977     0.932       1.1      1.18         0
     51/99     9.33G      1.07       1.5         0      2.57       341       416     0.909     0.957     0.978     0.933      0.99      1.16         0
     52/99     9.33G      1.08       1.5         0      2.59       322       416     0.923     0.952      0.98     0.938     0.966      1.15         0
     53/99     9.33G      1.06      1.54         0       2.6       277       416     0.917     0.952     0.979     0.934     0.993      1.16         0
     54/99     9.33G      1.05      1.49         0      2.54       304       416     0.928     0.948     0.979     0.938     0.941      1.14         0
     55/99     9.33G      1.02      1.52         0      2.54       299       416     0.923     0.952      0.98     0.937     0.913      1.15         0
     56/99     9.33G      1.03       1.5         0      2.53       328       416     0.925      0.95      0.98     0.937     0.941      1.14         0
     57/99     9.33G      1.01      1.47         0      2.48       295       416     0.931      0.95      0.98     0.941     0.954      1.12         0
     58/99     9.33G     0.998      1.48         0      2.48       303       416     0.931      0.95     0.981      0.94     0.921      1.12         0
     59/99     9.33G      1.04      1.56         0       2.6       340       416     0.922     0.953     0.981     0.937     0.879      1.12         0
     60/99     9.33G      0.94      1.43         0      2.37       271       416     0.932     0.949     0.981     0.941     0.908      1.13         0
     61/99     9.33G      0.97      1.45         0      2.42       425       416      0.93     0.949     0.981     0.939     0.881       1.1         0
     62/99     9.33G     0.956      1.49         0      2.44       307       416     0.935      0.95     0.982     0.942     0.874       1.1         0
     63/99     9.33G     0.967       1.5         0      2.46       298       416     0.929     0.951     0.981     0.939     0.862      1.09         0
     64/99     9.33G     0.953      1.45         0      2.41       264       416     0.934     0.953     0.982     0.943     0.874      1.07         0
     65/99     9.33G     0.942       1.4         0      2.34       291       416      0.94      0.95     0.983     0.945     0.845      1.07         0
     66/99     9.33G     0.952      1.42         0      2.37       315       416     0.938     0.952     0.982     0.945      0.86      1.07         0
     67/99     9.33G     0.946      1.45         0       2.4       348       416     0.932     0.956     0.982     0.943     0.848      1.07         0
     68/99     9.33G     0.924       1.4         0      2.33       282       416     0.937     0.952     0.983     0.944     0.836      1.07         0
     69/99     9.33G     0.941      1.47         0      2.41       250       416     0.931     0.956     0.983     0.943     0.847      1.07         0
     70/99     9.33G     0.929      1.38         0      2.31       277       416     0.929     0.955     0.983     0.942      0.84      1.07         0
     71/99     9.33G     0.934      1.42         0      2.35       336       416     0.931     0.955     0.983     0.943     0.835      1.05         0
     72/99     9.33G     0.913      1.35         0      2.26       359       416     0.936     0.953     0.983     0.945     0.833      1.06         0
     73/99     9.33G     0.914      1.37         0      2.28       373       416      0.94     0.951     0.983     0.946     0.826      1.06         0
     74/99     9.33G     0.926      1.45         0      2.37       373       416     0.937     0.955     0.983     0.946      0.84      1.05         0
     75/99     9.33G     0.904      1.43         0      2.33       323       416     0.936     0.956     0.983     0.946     0.817      1.04         0
     76/99     9.33G     0.923      1.35         0      2.27       295       416     0.939     0.954     0.983     0.947      0.82      1.04         0
     77/99     9.33G       0.9      1.37         0      2.27       284       416     0.939     0.954     0.983     0.946     0.826      1.03         0
     78/99     9.33G     0.883      1.33         0      2.21       356       416     0.939     0.954     0.983     0.946     0.824      1.04         0
     79/99     9.33G     0.923      1.42         0      2.34       326       416     0.937     0.955     0.983     0.946     0.816      1.02         0
     80/99     9.33G     0.919      1.39         0      2.31       298       416     0.936     0.955     0.984     0.945     0.814      1.02         0
     81/99     9.33G     0.881      1.41         0      2.29       354       416     0.936     0.955     0.984     0.945      0.81      1.02         0
     82/99     9.33G     0.876       1.4         0      2.28       363       416     0.935     0.956     0.984     0.945     0.802      1.02         0
     83/99     9.33G     0.884      1.38         0      2.27       325       416     0.933     0.958     0.983     0.945     0.805      1.02         0
     84/99     9.33G     0.884      1.39         0      2.27       286       416     0.934     0.957     0.983     0.945     0.805      1.02         0
     85/99     9.33G     0.907      1.42         0      2.32       279       416     0.932     0.959     0.983     0.945     0.806      1.02         0
     86/99     9.33G     0.877      1.34         0      2.22       268       416     0.933     0.959     0.983     0.946     0.797      1.01         0
     87/99     9.33G       0.9      1.35         0      2.25       270       416     0.935     0.958     0.984     0.946     0.796         1         0
     88/99     9.33G     0.912      1.36         0      2.27       293       416     0.935     0.959     0.984     0.946     0.795         1         0
     89/99     9.33G     0.909       1.4         0      2.31       367       416     0.932      0.96     0.984     0.946     0.794         1         0
     90/99     9.33G     0.898      1.37         0      2.27       297       416     0.931      0.96     0.984     0.946      0.79     0.997         0
     91/99     9.33G     0.896       1.4         0       2.3       270       416     0.931      0.96     0.984     0.946     0.789     0.994         0
     92/99     9.33G     0.871       1.4         0      2.27       364       416     0.932      0.96     0.984     0.946     0.788      0.99         0
     93/99     9.33G     0.895      1.38         0      2.28       335       416     0.931      0.96     0.984     0.945     0.791     0.989         0
     94/99     9.33G      0.91       1.4         0      2.31       292       416      0.93      0.96     0.984     0.945      0.79     0.987         0
     95/99     9.33G     0.882      1.36         0      2.24       289       416      0.93     0.961     0.984     0.945     0.787     0.985         0
     96/99     9.33G     0.881      1.39         0      2.27       331       416      0.93     0.961     0.984     0.945     0.785     0.984         0
     97/99     9.33G     0.862      1.35         0      2.21       282       416      0.93     0.961     0.984     0.945     0.785     0.983         0
     98/99     9.33G      0.88      1.39         0      2.27       290       416      0.93     0.962     0.984     0.946     0.785     0.983         0
     99/99     9.33G     0.896      1.41         0      2.31       286       416      0.93     0.963     0.984     0.946     0.784     0.982         0
