      0/99     1.92G       4.3       7.9         0      12.2         2       416     0.357     0.566     0.323     0.438      3.36       4.4         0
      1/99     5.73G      3.18      4.89         0      8.07        14       416     0.514     0.756     0.566     0.612      2.47      3.16         0
      2/99     5.73G      2.64      3.69         0      6.33         7       416     0.379     0.781     0.466     0.511      3.33      2.48         0
      3/99     5.73G      2.13      2.59         0      4.73        22       416     0.229     0.838     0.515     0.359      3.22      3.06         0
      4/99     5.73G      2.09      2.32         0      4.41        11       416     0.436     0.858      0.65     0.578      2.32      2.03         0
      5/99     5.73G      1.96      2.18         0      4.14        12       416     0.541     0.887     0.822     0.672      1.88      1.82         0
      6/99     5.73G       1.8      2.18         0      3.99         6       416     0.557     0.905     0.837      0.69       1.9      1.78         0
      7/99     5.73G      1.75      2.11         0      3.86        11       416     0.745     0.898     0.895     0.815      1.81      1.62         0
      8/99     5.73G      1.71      2.11         0      3.81         3       416     0.803     0.919     0.927     0.857      1.65      1.56         0
      9/99     5.73G      1.65      1.96         0      3.61        13       416     0.805     0.919     0.927     0.858      1.43      1.46         0
     10/99     5.73G      1.63      1.86         0      3.49        13       416     0.829     0.927     0.943     0.875      1.52      1.44         0
     11/99     5.73G      1.59       1.9         0      3.49        11       416     0.889     0.916      0.95     0.902      1.42      1.42         0
     12/99     5.73G      1.49      1.84         0      3.33        24       416     0.854     0.932     0.947     0.891      1.27      1.39         0
     13/99     5.73G      1.46      1.86         0      3.32         5       416     0.846     0.937     0.952     0.889      1.16      1.33         0
     14/99     5.73G      1.46      1.76         0      3.22        21       416      0.87     0.937     0.963     0.902      1.31      1.32         0
     15/99     5.73G       1.4      1.77         0      3.18         5       416     0.858     0.943     0.957     0.898      1.27      1.31         0
     16/99     5.73G      1.34      1.69         0      3.03         5       416     0.893     0.935     0.965     0.913      1.28      1.27         0
     17/99     5.73G      1.34      1.77         0      3.11        14       416     0.861     0.945     0.966     0.901      1.18      1.25         0
     18/99     5.73G       1.3      1.75         0      3.05        13       416     0.865     0.947     0.968     0.904      1.32      1.27         0
     19/99     5.73G      1.24      1.68         0      2.92        14       416     0.874     0.947     0.969     0.909      1.09      1.23         0
     20/99     5.73G      1.24      1.72         0      2.96        15       416     0.894     0.939     0.967     0.916      1.14      1.21         0
     21/99     5.73G      1.19      1.61         0       2.8         9       416       0.9     0.944     0.973     0.921       1.1      1.25         0
     22/99     5.73G      1.22      1.68         0      2.89         8       416     0.894     0.954     0.975     0.923       1.1      1.16         0
     23/99     5.73G      1.21      1.64         0      2.84         7       416     0.893     0.956     0.977     0.923     0.936      1.15         0
     24/99     5.73G      1.14      1.67         0      2.81        33       416      0.91     0.953     0.977     0.931      1.02      1.17         0
     25/99     5.73G      1.12       1.6         0      2.72        14       416     0.904     0.952     0.976     0.927      1.05       1.2         0
     26/99     5.73G      1.12      1.63         0      2.75         9       416     0.916     0.949     0.977     0.932     0.936      1.16         0
     27/99     5.73G      1.14      1.63         0      2.77         5       416      0.91     0.955      0.98     0.932     0.938      1.14         0
     28/99     5.73G      1.07      1.52         0      2.59         3       416     0.918     0.956     0.979     0.937      1.01      1.13         0
     29/99     5.73G      1.07      1.55         0      2.62         4       416     0.912     0.957      0.98     0.934     0.956      1.12         0
     30/99     5.73G      1.05      1.54         0      2.58         5       416     0.916     0.954      0.98     0.935      1.01      1.13         0
     31/99     5.73G      1.09      1.56         0      2.65         5       416      0.91     0.958     0.979     0.933     0.931       1.1         0
     32/99     5.73G      1.04      1.48         0      2.52         6       416     0.911     0.957     0.981     0.934     0.915      1.12         0
     33/99     5.73G      1.01      1.45         0      2.47        11       416     0.928     0.955     0.981     0.941     0.915       1.1         0
     34/99     5.73G      1.05      1.56         0      2.62         6       416     0.913     0.959      0.98     0.936     0.853      1.08         0
     35/99     5.73G     0.986      1.49         0      2.48        15       416     0.914     0.956      0.98     0.934     0.919      1.08         0
     36/99     5.73G      1.01      1.49         0       2.5        11       416     0.915     0.965     0.983     0.939     0.854      1.06         0
     37/99     5.73G     0.998      1.44         0      2.44         6       416     0.924     0.958     0.983     0.941      0.89      1.07         0
     38/99     5.73G     0.987      1.47         0      2.46         7       416     0.907     0.964     0.981     0.935     0.839      1.04         0
     39/99     5.73G     0.966      1.49         0      2.46         6       416      0.92      0.96     0.982      0.94     0.862      1.06         0
     40/99     5.73G     0.959       1.5         0      2.46         4       416      0.93     0.959     0.983     0.944     0.807      1.01         0
     41/99     5.73G     0.958      1.44         0      2.39        15       416      0.92     0.964     0.983     0.942     0.826      1.03         0
     42/99     5.73G      0.94      1.49         0      2.43         9       416     0.921     0.967     0.984     0.944     0.791      1.02         0
     43/99     5.73G     0.931      1.39         0      2.32         5       416     0.929     0.963     0.984     0.946     0.808      1.01         0
     44/99     5.73G     0.927      1.43         0      2.36         6       416     0.936     0.964     0.985      0.95     0.781         1         0
     45/99     5.73G     0.899      1.37         0      2.27        21       416     0.926     0.964     0.984     0.944     0.778     0.986         0
     46/99     5.73G     0.903      1.35         0      2.25         8       416     0.916     0.966     0.984     0.941     0.781         1         0
     47/99     5.73G     0.899       1.4         0       2.3        12       416     0.929     0.968     0.985     0.948     0.776     0.985         0
     48/99     5.73G     0.901      1.44         0      2.34        14       416     0.925     0.966     0.983     0.945     0.739         1         0
     49/99     5.73G     0.895      1.37         0      2.27         9       416      0.93     0.967     0.985     0.948     0.762     0.996         0
     50/99     5.73G     0.887      1.38         0      2.27        13       416     0.926      0.97     0.986     0.948     0.762     0.987         0
     51/99     5.73G      0.87      1.34         0      2.21         4       416     0.931      0.97     0.986      0.95      0.74     0.969         0
     52/99     5.73G     0.877      1.37         0      2.25        12       416     0.923      0.97     0.986     0.946     0.748     0.966         0
     53/99     5.73G     0.872       1.4         0      2.27        15       416      0.93     0.973     0.987     0.951     0.731     0.954         0
     54/99     5.73G     0.855      1.35         0      2.21         5       416     0.932     0.972     0.987     0.951     0.717     0.963         0
     55/99     5.73G     0.853      1.36         0      2.21         5       416     0.923     0.973     0.987     0.947     0.728     0.942         0
     56/99     5.73G     0.858      1.36         0      2.22         6       416     0.929     0.971     0.986      0.95     0.694     0.942         0
     57/99     5.73G     0.855      1.33         0      2.19         6       416     0.921     0.972     0.986     0.946     0.701     0.942         0
     58/99     5.73G     0.857      1.35         0      2.21        13       416     0.932      0.97     0.986     0.951     0.741     0.944         0
     59/99     5.73G     0.872      1.41         0      2.28        12       416     0.917     0.974     0.986     0.944     0.715     0.943         0
     60/99     5.73G      0.81      1.36         0      2.17        24       416      0.92     0.974     0.985     0.946     0.707     0.938         0
     61/99     5.73G      0.82      1.29         0      2.11         9       416     0.924     0.971     0.986     0.947      0.69     0.928         0
     62/99     5.73G     0.827      1.36         0      2.19        23       416     0.937      0.97     0.987     0.953     0.688     0.923         0
     63/99     5.73G     0.841      1.44         0      2.28        43       416     0.929     0.971     0.987     0.949     0.686     0.915         0
     64/99     5.73G     0.818      1.33         0      2.15        11       416     0.928     0.971     0.987     0.949     0.687     0.917         0
     65/99     5.73G     0.818      1.28         0       2.1         7       416     0.933     0.971     0.987     0.952     0.677     0.914         0
     66/99     5.73G     0.816      1.33         0      2.14         4       416     0.922     0.972     0.986     0.946     0.673     0.913         0
     67/99     5.73G     0.824       1.3         0      2.12         7       416     0.928     0.972     0.987     0.949     0.679     0.914         0
     68/99     5.73G     0.807      1.32         0      2.13        10       416     0.927     0.971     0.986     0.949     0.679     0.911         0
     69/99     5.73G     0.825      1.35         0      2.17        11       416     0.922     0.974     0.987     0.947     0.668     0.921         0
     70/99     5.73G     0.795      1.26         0      2.05        14       416     0.931     0.974     0.987     0.952     0.673     0.912         0
     71/99     5.73G     0.807       1.3         0      2.11         6       416     0.929     0.976     0.988     0.952     0.664     0.904         0
     72/99     5.73G     0.787      1.27         0      2.05         7       416      0.93     0.973     0.987     0.951     0.659     0.898         0
     73/99     5.73G       0.8      1.28         0      2.08        21       416     0.932     0.974     0.988     0.953     0.659       0.9         0
     74/99     5.73G     0.811      1.36         0      2.17        17       416     0.927     0.975     0.987      0.95     0.663     0.891         0
     75/99     5.73G     0.768      1.33         0      2.09        11       416      0.93     0.975     0.988     0.952     0.654     0.884         0
     76/99     5.73G     0.786      1.26         0      2.05        11       416     0.925     0.975     0.988     0.949     0.653     0.897         0
     77/99     5.73G     0.779      1.29         0      2.07        15       416     0.929     0.974     0.988     0.951     0.658     0.896         0
     78/99     5.73G      0.78      1.21         0      1.99         6       416     0.932     0.973     0.988     0.952      0.66      0.89         0
     79/99     5.73G     0.797       1.3         0       2.1         5       416     0.924     0.975     0.988     0.949     0.655      0.89         0
     80/99     5.73G      0.79      1.29         0      2.08         7       416     0.929     0.976     0.988     0.952     0.647     0.885         0
     81/99     5.73G     0.782       1.3         0      2.08         8       416      0.93     0.976     0.988     0.953     0.649     0.889         0
     82/99     5.73G     0.758      1.29         0      2.04        20       416     0.929     0.976     0.988     0.952     0.649     0.887         0
     83/99     5.73G      0.76      1.26         0      2.02         4       416     0.932     0.975     0.988     0.953     0.646     0.878         0
     84/99     5.73G     0.745      1.25         0         2        10       416     0.931     0.975     0.988     0.953     0.648     0.883         0
     85/99     5.73G     0.787      1.31         0       2.1         2       416     0.928     0.976     0.988     0.951     0.646     0.882         0
     86/99     5.73G     0.762      1.24         0         2         5       416     0.931     0.976     0.988     0.953     0.643     0.882         0
     87/99     5.73G      0.77      1.23         0         2         8       416     0.932     0.975     0.988     0.953     0.642     0.881         0
     88/99     5.73G     0.777      1.27         0      2.05        15       416     0.929     0.975     0.988     0.951     0.645     0.883         0
     89/99     5.73G     0.785      1.29         0      2.08        15       416      0.93     0.976     0.988     0.952     0.637     0.878         0
     90/99     5.73G     0.759      1.24         0         2         5       416     0.928     0.977     0.988     0.952     0.638     0.876         0
     91/99     5.73G     0.776      1.28         0      2.06         7       416     0.931     0.977     0.988     0.953      0.64     0.877         0
     92/99     5.73G     0.746      1.26         0      2.01        15       416      0.93     0.976     0.988     0.952      0.64     0.877         0
     93/99     5.73G     0.786      1.35         0      2.13        54       416      0.93     0.976     0.988     0.952     0.638     0.875         0
     94/99     5.73G     0.777       1.3         0      2.08        13       416     0.928     0.976     0.988     0.952     0.637     0.875         0
     95/99     5.73G     0.773      1.28         0      2.05        11       416     0.928     0.976     0.988     0.952     0.637     0.875         0
     96/99     5.73G     0.753      1.28         0      2.04         7       416     0.928     0.976     0.988     0.951     0.637     0.874         0
     97/99     5.73G     0.751      1.25         0         2        12       416     0.928     0.976     0.988     0.952     0.636     0.874         0
     98/99     5.73G     0.756      1.26         0      2.02        10       416     0.929     0.977     0.988     0.952     0.637     0.874         0
     99/99     5.73G      0.78      1.32         0       2.1        12       416     0.928     0.977     0.988     0.952     0.637     0.874         0
