      0/99     14.5G      5.37      19.6         0        25       139       416    0.0419      0.24    0.0167    0.0714      6.19      7.33         0
      1/99     14.6G      6.41        12         0      18.4       134       416    0.0149    0.0449   0.00166    0.0224       5.6      43.9         0
      2/99     14.6G      5.93      45.1         0        51       186       416    0.0179    0.0526   0.00466    0.0267      6.15      61.1         0
      3/99     14.6G      5.98      16.2         0      22.2       216       416         0         0         0         0      6.05      2.23         0
      4/99     14.6G      6.46      2.15         0      8.61       202       416         0         0         0         0      6.25      1.57         0
      5/99     14.6G      6.49      2.08         0      8.57       145       416         0         0         0         0      6.16      1.64         0
      6/99     14.6G       6.4      2.71         0      9.11       142       416         0         0         0         0      5.93      3.43         0
      7/99     14.6G      6.46      2.35         0      8.81       142       416         0         0         0         0      6.02      1.33         0
      8/99     14.6G      6.41      1.64         0      8.05       141       416         0         0         0         0      5.86       1.3         0
      9/99     14.6G      6.28       1.7         0      7.99       154       416         0         0         0         0      5.79      1.25         0
     10/99     14.6G      6.25      1.58         0      7.83       143       416         0         0         0         0      5.74      1.18         0
     11/99     14.6G      6.17      1.49         0      7.66       156       416         0         0   0.00335         0      5.75      1.07         0
     12/99     14.6G      6.16      1.38         0      7.54       143       416    0.0453   0.00155     0.037   0.00299      5.81     0.989         0
     13/99     14.6G      6.35      1.18         0      7.53       135       416         0         0   0.00895         0      6.05     0.908         0
     14/99     14.6G      6.37      1.17         0      7.54       191       416         0         0    0.0231         0      5.89     0.913         0
     15/99     14.6G      6.25      1.19         0      7.44       188       416         0         0    0.0496         0      5.75     0.912         0
     16/99     14.6G      6.12      1.24         0      7.35       154       416         0         0    0.0632         0      5.64     0.868         0
     17/99     14.6G      6.15       1.1         0      7.24       191       416     0.213   0.00155    0.0659   0.00307      5.77     0.807         0
     18/99     14.6G      6.12      1.12         0      7.24       166       416     0.338   0.00401    0.0754   0.00792       5.6     0.829         0
     19/99     14.6G      5.95      1.09         0      7.05       192       416     0.379   0.00464    0.0797   0.00918      5.49     0.832         0
     20/99     14.6G      5.46      1.23         0      6.68       198       416     0.253    0.0913    0.0931     0.134      4.85     0.851         0
     21/99     14.6G      5.04      1.15         0      6.19       174       416     0.251    0.0929     0.106     0.136       4.9     0.826         0
     22/99     14.6G      5.09      1.15         0      6.24       195       416         0         0         0         0      8.67  1.15e+03         0
     23/99     14.6G      5.02      1.12         0      6.13       203       416         0         0         0         0      8.72       992         0
     24/99     14.6G      5.11      1.03         0      6.14       147       416         0         0         0         0      8.73       839         0
     25/99     14.6G      4.98      1.05         0      6.03       193       416         0         0         0         0      8.72       665         0
     26/99     14.6G      4.99      1.06         0      6.05       178       416  4.16e-05   0.00155  1.09e-06  8.11e-05      8.67       447         0
     27/99     14.6G      4.96      1.13         0      6.09       218       416    0.0002   0.00774  4.05e-06  0.000391      8.57       340         0
     28/99     14.6G      4.93      1.02         0      5.95       138       416  0.000229    0.0108  7.62e-06  0.000449      8.41       263         0
     29/99     14.6G      4.94      1.07         0      6.01       182       416  0.000322    0.0201   4.2e-05  0.000634      8.01       173         0
     30/99     14.6G       4.9     0.991         0      5.89       162       416  0.000701    0.0526   0.00016   0.00138      7.63      98.1         0
     31/99     14.6G      4.83     0.982         0      5.81       127       416   0.00158     0.163  0.000439   0.00312      7.39      99.1         0
     32/99     14.6G      4.82      1.08         0       5.9       164       416   0.00117     0.156  0.000237   0.00233      7.42       198         0
     33/99     14.6G      4.78     0.948         0      5.73       145       416   0.00229     0.237  0.000803   0.00454      7.13       117         0
     34/99     14.6G      4.81     0.946         0      5.75       118       416    0.0024     0.226  0.000924   0.00475      7.15      92.8         0
     35/99     14.6G      4.87         1         0      5.87       144       416   0.00217     0.207  0.000829   0.00429      7.16      89.7         0
     36/99     14.6G      4.84      1.06         0       5.9       228       416   0.00659     0.636   0.00507     0.013      6.63        91         0
     37/99     14.6G      4.82     0.947         0      5.77       127       416   0.00673     0.611   0.00529    0.0133      6.57      67.2         0
     38/99     14.6G      4.82     0.988         0      5.81       208       416   0.00852     0.556   0.00638    0.0168       6.4      35.8         0
     39/99     14.6G      4.79      1.02         0       5.8       152       416   0.00681     0.514   0.00461    0.0134      6.43        38         0
     40/99     14.6G      4.76     0.931         0      5.69       169       416   0.00405     0.226   0.00202   0.00796      6.54      19.5         0
     41/99     14.6G      4.81     0.917         0      5.72       125       416   0.00909     0.379   0.00584    0.0178      6.24      12.3         0
     42/99     14.6G      4.82     0.923         0      5.74       147       416   0.00978     0.381   0.00662    0.0191       6.1      10.9         0
     43/99     14.6G      4.81     0.961         0      5.77       217       416    0.0134     0.424    0.0111     0.026         6      9.61         0
     44/99     14.6G      4.74     0.853         0      5.59       152       416    0.0104     0.494    0.0104    0.0204      5.83      16.2         0
     45/99     14.6G      4.74     0.929         0      5.67       201       416   0.00779       0.5   0.00688    0.0153      5.73      30.1         0
     46/99     14.6G      4.74     0.926         0      5.66       183       416    0.0322     0.316    0.0274    0.0585      5.62      2.36         0
     47/99     14.6G      4.74      0.85         0      5.59       180       416    0.0985     0.186    0.0655     0.129      5.63     0.948         0
     48/99     14.6G      4.71     0.899         0      5.61       183       416    0.0718     0.146    0.0469    0.0962      5.67      1.03         0
     49/99     14.6G      4.74     0.848         0      5.59       145       416     0.106     0.102    0.0424     0.104      5.59     0.853         0
     50/99     14.6G       4.7     0.836         0      5.54       168       416     0.216     0.127    0.0861      0.16       5.4     0.759         0
     51/99     14.6G      4.69     0.821         0      5.51       153       416     0.316      0.11     0.119     0.163      5.31     0.683         0
     52/99     14.6G       4.7     0.814         0      5.51       184       416      0.47    0.0728     0.131     0.126      5.36     0.597         0
     53/99     14.6G       4.7      0.85         0      5.55       165       416     0.461      0.14     0.181     0.215      5.21     0.603         0
     54/99     14.6G      4.71     0.859         0      5.57       187       416     0.506     0.116     0.174     0.188      5.18     0.608         0
     55/99     14.6G      4.66     0.793         0      5.46       162       416     0.514     0.108     0.177     0.179      5.12     0.618         0
     56/99     14.6G      4.69     0.852         0      5.54       211       416     0.601     0.113     0.218      0.19      5.09     0.601         0
     57/99     14.6G      4.69     0.844         0      5.54       181       416      0.51     0.115     0.179     0.187      5.04      0.64         0
     58/99     14.6G      4.67     0.761         0      5.43       152       416     0.603     0.102     0.199     0.175      4.98     0.642         0
     59/99     14.6G      4.67     0.828         0       5.5       193       416     0.542     0.117       0.2     0.193      4.98     0.635         0
     60/99     14.6G      4.67     0.813         0      5.48       173       416     0.668     0.112     0.269     0.192       4.9     0.615         0
     61/99     14.6G       4.7     0.786         0      5.49       166       416     0.639     0.111     0.293      0.19      4.83      0.62         0
     62/99     14.6G      4.69     0.826         0      5.52       214       416     0.637     0.109     0.282     0.186      4.83     0.623         0
     63/99     14.6G      4.66     0.794         0      5.45       145       416     0.618    0.0801     0.267     0.142      4.77     0.644         0
     64/99     14.6G      4.64     0.782         0      5.42       174       416     0.702     0.139     0.354     0.232      4.73     0.602         0
     65/99     14.6G      4.66     0.792         0      5.45       191       416     0.803     0.107      0.39      0.19      4.71     0.615         0
     66/99     14.6G      4.68     0.807         0      5.48       185       416     0.701     0.178     0.389     0.284      4.69     0.583         0
     67/99     14.6G      4.63     0.782         0      5.42       160       416     0.827     0.104      0.42     0.184      4.69     0.608         0
     68/99     14.6G      4.64     0.806         0      5.45       167       416     0.822     0.129      0.44     0.223      4.69     0.588         0
     69/99     14.6G      4.65     0.802         0      5.45       159       416     0.804     0.135     0.436     0.231      4.67     0.588         0
     70/99     14.6G      4.64     0.792         0      5.44       143       416     0.779     0.174     0.451     0.285      4.64     0.569         0
     71/99     14.6G      4.62     0.751         0      5.38       157       416     0.877     0.121     0.492     0.213      4.67     0.593         0
     72/99     14.6G      4.65     0.819         0      5.46       190       416     0.875      0.13     0.515     0.227      4.68     0.576         0
     73/99     14.6G      4.63     0.748         0      5.38       159       416      0.91      0.14     0.522     0.243      4.69     0.566         0
     74/99     14.6G      4.64     0.795         0      5.43       148       416     0.897     0.161     0.533     0.273      4.66     0.557         0
     75/99     14.6G      4.63     0.778         0      5.41       141       416     0.924     0.131     0.536      0.23      4.67     0.568         0
     76/99     14.6G      4.64     0.776         0      5.42       142       416     0.903     0.158     0.527     0.269      4.66     0.561         0
     77/99     14.6G      4.61     0.766         0      5.38       181       416     0.905     0.158     0.529     0.269      4.63     0.567         0
     78/99     14.6G      4.62      0.76         0      5.38       167       416     0.919     0.159     0.533     0.271      4.62     0.561         0
     79/99     14.6G      4.64     0.812         0      5.45       186       416     0.923     0.167     0.538     0.283      4.63     0.557         0
     80/99     14.6G      4.64     0.791         0      5.44       160       416     0.925     0.172     0.549      0.29      4.61     0.554         0
     81/99     14.6G      4.62      0.78         0       5.4       204       416     0.929     0.162     0.557     0.276      4.62     0.552         0
     82/99     14.6G      4.63     0.794         0      5.42       169       416     0.946     0.191     0.569     0.317      4.59     0.545         0
     83/99     14.6G      4.59      0.77         0      5.36       183       416      0.95     0.177     0.577     0.298       4.6     0.548         0
     84/99     14.6G      4.64     0.783         0      5.42       179       416     0.947     0.192     0.582     0.319      4.59     0.539         0
     85/99     14.6G      4.61     0.812         0      5.43       186       416     0.937     0.208     0.583      0.34      4.58     0.533         0
     86/99     14.6G      4.63     0.786         0      5.41       180       416     0.931      0.23     0.586     0.369      4.57     0.527         0
     87/99     14.6G      4.63     0.826         0      5.46       220       416     0.932     0.233     0.588     0.373      4.57     0.525         0
     88/99     14.6G      4.62      0.78         0       5.4       192       416     0.932     0.253     0.586     0.397      4.57     0.521         0
     89/99     14.6G       4.6     0.777         0      5.38       196       416     0.926     0.254     0.589     0.398      4.57      0.52         0
     90/99     14.6G      4.62     0.755         0      5.38       193       416     0.926      0.26      0.59     0.406      4.56     0.517         0
     91/99     14.6G      4.62     0.795         0      5.41       171       416     0.916     0.269     0.591     0.416      4.56     0.513         0
     92/99     14.6G      4.61     0.745         0      5.35       157       416     0.917      0.29     0.593      0.44      4.55     0.508         0
     93/99     14.6G      4.62     0.813         0      5.43       156       416     0.915     0.301     0.594     0.453      4.55     0.504         0
     94/99     14.6G      4.61     0.787         0       5.4       159       416     0.915      0.31     0.595     0.463      4.54     0.501         0
     95/99     14.6G      4.62     0.776         0       5.4       195       416     0.916      0.32     0.597     0.474      4.54     0.498         0
     96/99     14.6G      4.63     0.825         0      5.45       175       416     0.916     0.328       0.6     0.483      4.54     0.494         0
     97/99     14.6G      4.61     0.804         0      5.41       170       416     0.919     0.335     0.605     0.491      4.53     0.492         0
     98/99     14.6G      4.64     0.816         0      5.46       162       416     0.921     0.343     0.609       0.5      4.53     0.489         0
     99/99     14.6G      4.61     0.781         0      5.39       168       416     0.917     0.348     0.621     0.505      4.53     0.487         0
