      0/99      3.7G      4.73      10.2         0      14.9       127       416     0.278     0.529     0.237     0.364      3.57      4.85         0
      1/99       10G      3.65      6.16         0      9.81       131       416     0.322      0.65      0.34     0.431      3.19      4.29         0
      2/99       10G      3.25      4.82         0      8.08       120       416     0.362     0.711     0.444      0.48      3.61      3.26         0
      3/99       10G      2.69      2.87         0      5.55       128       416     0.731     0.749      0.76      0.74      3.09      2.15         0
      4/99       10G      2.68      2.58         0      5.26        99       416     0.821     0.784      0.83     0.802      2.58      2.06         0
      5/99       10G      2.49      2.44         0      4.93       106       416     0.354     0.797      0.47     0.491      3.37      2.71         0
      6/99       10G      2.39      2.39         0      4.79       105       416     0.308     0.876     0.623     0.456       2.9      2.87         0
      7/99       10G       2.2      2.31         0      4.51       119       416     0.386      0.89     0.684     0.538      2.59      2.19         0
      8/99       10G      2.05      2.36         0      4.41       159       416     0.396     0.921     0.725     0.554      2.39      2.07         0
      9/99       10G      1.91      2.13         0      4.04       118       416     0.497     0.934     0.869     0.649      2.04      1.88         0
     10/99       10G      1.92         2         0      3.93       108       416     0.448     0.935     0.801     0.606      1.95      1.71         0
     11/99       10G      1.82         2         0      3.81       157       416     0.629     0.927     0.893      0.75      1.85      1.61         0
     12/99       10G      1.78       1.9         0      3.68       154       416     0.584     0.934     0.871     0.719      2.04      1.68         0
     13/99       10G      1.75         2         0      3.76        99       416      0.62     0.944     0.898     0.748      1.69      1.52         0
     14/99       10G      1.72      1.84         0      3.56       104       416     0.718     0.938     0.923     0.814      1.65      1.44         0
     15/99       10G      1.68      1.89         0      3.58       111       416     0.753     0.937     0.928     0.835       1.8      1.42         0
     16/99       10G      1.72      1.85         0      3.57       109       416     0.824     0.934     0.947     0.876      1.63      1.39         0
     17/99       10G      1.64      1.85         0      3.49       119       416     0.769     0.936     0.928     0.845      1.56      1.39         0
     18/99       10G      1.61      1.88         0      3.49       108       416     0.828     0.941     0.953     0.881      1.45      1.32         0
     19/99       10G      1.52      1.78         0       3.3       102       416     0.846      0.94     0.957     0.891      1.46      1.34         0
     20/99       10G      1.51      1.79         0       3.3       117       416      0.82     0.942      0.95     0.876      1.54      1.31         0
     21/99       10G       1.5      1.74         0      3.24       182       416     0.853     0.943     0.959     0.896      1.43      1.32         0
     22/99       10G      1.42      1.72         0      3.13        97       416     0.873     0.941      0.96     0.906       1.5      1.31         0
     23/99       10G       1.4      1.69         0      3.09       125       416     0.907     0.935      0.97     0.921      1.24      1.24         0
     24/99       10G      1.36      1.69         0      3.05       100       416     0.903     0.944     0.972     0.923      1.23       1.3         0
     25/99       10G      1.41      1.67         0      3.08       105       416     0.863     0.948     0.969     0.903      1.29      1.27         0
     26/99       10G      1.35       1.7         0      3.05        94       416     0.887     0.946      0.97     0.915      1.14      1.21         0
     27/99       10G      1.31       1.7         0      3.01       128       416     0.893     0.947     0.973     0.919      1.21      1.19         0
     28/99       10G      1.29      1.58         0      2.87        79       416     0.896     0.946     0.973      0.92      1.29      1.21         0
     29/99       10G      1.26      1.62         0      2.89       129       416     0.836      0.96     0.953     0.894      1.36      1.24         0
     30/99       10G      1.27      1.62         0      2.89       170       416      0.88     0.954     0.973     0.916      1.35      1.22         0
     31/99       10G       1.2      1.64         0      2.84       115       416      0.91     0.951     0.977      0.93      1.15      1.16         0
     32/99       10G      1.16      1.55         0      2.71       141       416     0.904     0.953     0.977     0.928      1.03      1.16         0
     33/99       10G      1.18      1.51         0      2.69       101       416     0.932     0.948     0.978      0.94      1.13      1.17         0
     34/99       10G      1.22      1.62         0      2.83        98       416     0.914     0.949     0.977     0.931      1.16      1.19         0
     35/99       10G      1.18      1.56         0      2.74       137       416     0.915     0.954      0.98     0.934      1.04      1.15         0
     36/99       10G      1.16      1.58         0      2.74       100       416      0.92     0.956     0.982     0.938      0.98      1.12         0
     37/99       10G      1.12      1.52         0      2.63        99       416     0.913     0.954     0.979     0.933      1.06      1.14         0
     38/99       10G      1.08      1.55         0      2.63       128       416     0.903     0.957     0.979      0.93      1.05      1.15         0
     39/99       10G      1.11      1.56         0      2.66        95       416     0.925     0.953     0.981     0.939      1.09      1.14         0
     40/99       10G      1.11      1.56         0      2.67       130       416     0.922     0.958     0.982      0.94     0.969      1.11         0
     41/99       10G      1.12       1.5         0      2.62       125       416     0.917     0.959     0.982     0.938      1.24      1.19         0
     42/99       10G      1.08      1.54         0      2.62        82       416     0.907     0.967     0.983     0.936     0.966      1.07         0
     43/99       10G      1.06      1.48         0      2.53       106       416     0.918     0.962     0.982     0.939     0.915      1.07         0
     44/99       10G      1.03      1.46         0      2.49       101       416     0.924     0.963     0.984     0.943     0.898      1.05         0
     45/99       10G     0.986      1.42         0       2.4        92       416     0.919     0.965     0.984     0.941     0.869      1.04         0
     46/99       10G     0.997      1.44         0      2.43        97       416      0.93     0.959     0.983     0.944     0.885      1.05         0
     47/99       10G     0.978      1.44         0      2.41        90       416     0.929     0.965     0.984     0.947     0.865      1.04         0
     48/99       10G     0.982       1.5         0      2.48       160       416      0.93     0.963     0.983     0.946     0.872      1.07         0
     49/99       10G     0.967      1.42         0      2.38        77       416     0.912     0.967     0.984     0.939     0.868      1.04         0
     50/99       10G     0.981      1.43         0      2.41       145       416      0.93     0.962     0.984     0.945     0.937       1.1         0
     51/99       10G     0.929      1.38         0      2.31       108       416     0.929     0.963     0.985     0.946     0.828      1.02         0
     52/99       10G     0.943      1.44         0      2.38       173       416     0.925     0.966     0.985     0.945     0.798      1.01         0
     53/99       10G     0.944      1.47         0      2.41        87       416     0.935     0.963     0.985     0.949     0.838      1.01         0
     54/99       10G     0.927       1.4         0      2.32       113       416      0.93     0.963     0.985     0.946     0.817      1.02         0
     55/99       10G      0.91      1.41         0      2.32       127       416     0.941     0.962     0.986     0.951     0.837      1.02         0
     56/99       10G     0.927      1.41         0      2.34       131       416     0.943     0.961     0.986     0.952     0.827         1         0
     57/99       10G     0.905      1.38         0      2.29       100       416     0.934     0.966     0.986      0.95     0.811     0.991         0
     58/99       10G     0.893      1.38         0      2.27        99       416     0.937     0.963     0.986      0.95     0.796     0.982         0
     59/99       10G     0.938      1.46         0       2.4       141       416     0.931     0.968     0.987     0.949     0.789     0.994         0
     60/99       10G     0.852      1.39         0      2.24       101       416     0.939     0.963     0.986     0.951     0.782     0.997         0
     61/99       10G     0.876      1.35         0      2.23       138       416     0.931     0.963     0.986     0.947      0.77     0.972         0
     62/99       10G     0.863      1.38         0      2.24       123       416     0.936     0.966     0.986      0.95     0.766      0.98         0
     63/99       10G     0.876      1.41         0      2.29        98       416     0.931     0.967     0.986     0.949     0.756     0.966         0
     64/99       10G     0.868      1.37         0      2.24        89       416     0.932     0.968     0.986     0.949     0.778      0.97         0
     65/99       10G     0.871      1.32         0      2.19        74       416     0.935     0.967     0.986     0.951     0.756     0.963         0
     66/99       10G     0.868      1.38         0      2.25       116       416     0.932     0.967     0.987     0.949     0.764     0.963         0
     67/99       10G     0.862      1.38         0      2.24       140       416     0.928      0.97     0.987     0.949     0.745     0.948         0
     68/99       10G     0.851      1.37         0      2.23       135       416     0.936     0.969     0.987     0.952     0.752     0.949         0
     69/99       10G     0.866      1.38         0      2.24       118       416      0.93      0.97     0.987     0.949      0.75     0.965         0
     70/99       10G     0.852      1.31         0      2.16        87       416     0.938      0.97     0.988     0.953     0.742     0.946         0
     71/99       10G     0.855      1.34         0      2.19       110       416     0.937      0.97     0.988     0.954     0.735     0.936         0
     72/99       10G     0.834      1.29         0      2.12        87       416      0.94     0.967     0.987     0.953      0.74     0.941         0
     73/99       10G     0.836      1.28         0      2.12        88       416     0.941     0.968     0.988     0.954     0.744      0.94         0
     74/99       10G     0.847      1.38         0      2.22       182       416     0.928     0.972     0.987     0.949      0.73     0.935         0
     75/99       10G     0.818      1.36         0      2.18       103       416     0.932     0.972     0.987     0.952     0.728     0.933         0
     76/99       10G     0.847       1.3         0      2.15       137       416     0.936     0.971     0.988     0.953     0.729     0.929         0
     77/99       10G     0.825      1.33         0      2.15       155       416     0.933     0.972     0.987     0.952     0.728     0.925         0
     78/99       10G      0.81      1.25         0      2.06       119       416     0.938     0.971     0.988     0.954     0.725     0.927         0
     79/99       10G     0.852      1.35         0      2.21        91       416     0.935     0.972     0.988     0.953     0.725     0.921         0
     80/99       10G     0.842      1.32         0      2.16       128       416     0.933     0.973     0.988     0.952      0.72     0.923         0
     81/99       10G      0.82      1.32         0      2.14       119       416     0.934     0.972     0.988     0.953     0.718     0.927         0
     82/99       10G     0.812      1.33         0      2.15       111       416     0.935     0.973     0.988     0.954      0.72     0.926         0
     83/99       10G     0.811      1.32         0      2.13       133       416     0.933     0.972     0.988     0.952     0.717     0.916         0
     84/99       10G     0.803      1.31         0      2.11        94       416     0.935     0.972     0.988     0.953     0.716     0.914         0
     85/99       10G     0.846      1.38         0      2.23       133       416     0.933     0.973     0.988     0.953     0.716     0.915         0
     86/99       10G     0.806      1.24         0      2.04        76       416     0.938     0.973     0.988     0.955     0.715     0.917         0
     87/99       10G     0.818      1.29         0      2.11       118       416     0.937     0.973     0.988     0.954     0.712     0.915         0
     88/99       10G     0.829       1.3         0      2.13       185       416     0.935     0.972     0.988     0.953     0.713     0.918         0
     89/99       10G     0.824      1.34         0      2.17       127       416     0.935     0.973     0.988     0.954     0.714     0.918         0
     90/99       10G     0.814      1.29         0       2.1       102       416     0.935     0.972     0.988     0.953      0.71     0.912         0
     91/99       10G     0.833      1.34         0      2.17       149       416     0.935     0.972     0.988     0.953      0.71      0.91         0
     92/99       10G      0.79      1.33         0      2.12       127       416     0.935     0.973     0.988     0.954      0.71     0.908         0
     93/99       10G     0.815       1.3         0      2.12       114       416     0.935     0.973     0.988     0.954      0.71     0.907         0
     94/99       10G     0.837      1.36         0      2.19       102       416     0.935     0.973     0.988     0.954     0.709     0.908         0
     95/99       10G     0.818      1.29         0      2.11       121       416     0.934     0.974     0.988     0.953     0.709     0.908         0
     96/99       10G     0.803       1.3         0      2.11        83       416     0.933     0.974     0.988     0.953     0.708     0.909         0
     97/99       10G      0.79      1.26         0      2.05       115       416     0.934     0.974     0.988     0.953     0.708     0.909         0
     98/99       10G     0.812       1.3         0      2.11       109       416     0.933     0.975     0.988     0.953     0.708     0.909         0
     99/99       10G     0.827      1.33         0      2.16       107       416     0.933     0.975     0.988     0.953     0.708     0.909         0
