      0/99     7.31G      5.37      12.4         0      17.8       139       416    0.0369     0.122    0.0167    0.0567      4.86      5.52         0
      1/99     10.2G      5.39       6.9         0      12.3       134       416    0.0984     0.136    0.0193     0.114      5.12      3.95         0
      2/99     10.2G       4.5      6.35         0      10.8       186       416     0.216     0.361     0.159      0.27      4.12      3.42         0
      3/99     10.2G      3.81      3.49         0       7.3       216       416     0.482     0.435     0.358     0.457       3.4       2.1         0
      4/99     10.2G      3.17      3.71         0      6.88       202       416     0.355     0.548     0.296     0.431      3.05      2.42         0
      5/99     10.2G      2.85      3.66         0      6.51       145       416     0.323     0.529     0.238     0.401      2.92      2.35         0
      6/99     10.2G      2.88      3.11         0      5.99       142       416     0.282     0.489     0.212     0.358       3.4      2.17         0
      7/99     10.2G      2.83      2.97         0       5.8       142       416     0.331     0.551     0.301     0.413      3.11      2.14         0
      8/99     10.2G      2.73      2.81         0      5.54       141       416     0.438      0.72     0.474     0.545      2.87         2         0
      9/99     10.2G      2.64      2.64         0      5.29       154       416     0.414     0.732     0.495     0.529      3.25      1.72         0
     10/99     10.2G      2.67      2.56         0      5.23       143       416     0.391     0.792     0.484     0.523      3.08      1.84         0
     11/99     10.2G      2.52      2.47         0      4.99       156       416     0.144     0.802     0.265     0.244      3.94      4.03         0
     12/99     10.2G      2.26      2.44         0      4.71       143       416      0.13     0.837      0.28     0.225      3.85      4.62         0
     13/99     10.2G      2.31      2.36         0      4.67       135       416     0.179     0.881     0.368     0.297      3.31      3.34         0
     14/99     10.2G      2.15      2.44         0      4.59       191       416     0.171     0.885     0.457     0.286       3.1      3.24         0
     15/99     10.2G      2.14      2.35         0      4.49       188       416     0.211     0.915     0.555     0.343      2.75      2.68         0
     16/99     10.2G      2.08      2.32         0       4.4       154       416     0.255     0.927     0.625       0.4      2.65      2.22         0
     17/99     10.2G      1.99      2.24         0      4.23       191       416     0.354     0.924     0.663     0.512      2.48      1.75         0
     18/99     10.2G      1.97      2.25         0      4.23       166       416     0.375     0.926     0.684     0.534      2.41      1.65         0
     19/99     10.2G      1.94      2.06         0         4       192       416     0.453     0.935     0.724      0.61      2.49      1.57         0
     20/99     10.2G      1.93      2.18         0      4.12       198       416      0.42     0.938     0.755      0.58      2.31      1.47         0
     21/99     10.2G      1.93      2.06         0      3.99       174       416     0.482     0.933     0.784     0.636      2.15      1.35         0
     22/99     10.2G      1.89      2.02         0      3.91       195       416     0.534     0.946     0.856     0.683      2.06      1.31         0
     23/99     10.2G      1.82      1.94         0      3.76       203       416     0.605     0.944     0.902     0.738      1.89      1.27         0
     24/99     10.2G      1.78      1.91         0      3.69       147       416     0.537     0.952     0.849     0.687      1.81      1.24         0
     25/99     10.2G      1.79      1.95         0      3.74       193       416      0.53     0.947     0.825      0.68      1.78      1.18         0
     26/99     10.2G      1.78      1.87         0      3.64       178       416     0.569     0.934     0.823     0.707      1.78      1.13         0
     27/99     10.2G      1.77      1.95         0      3.72       218       416     0.568     0.954     0.839     0.712       1.8      1.12         0
     28/99     10.2G      1.67      1.81         0      3.48       138       416     0.654     0.952     0.903     0.775      1.79      1.12         0
     29/99     10.2G       1.7       1.9         0       3.6       182       416     0.757     0.958     0.928     0.846      1.63      1.11         0
     30/99     10.2G      1.62      1.81         0      3.43       162       416     0.711     0.958     0.917     0.816      1.72      1.11         0
     31/99     10.2G       1.6       1.8         0      3.41       127       416     0.861     0.957     0.957     0.906      1.49       1.1         0
     32/99     10.2G      1.56      1.87         0      3.42       164       416     0.713     0.957     0.903     0.817      1.57      1.11         0
     33/99     10.2G      1.51      1.72         0      3.23       145       416     0.759      0.96     0.931     0.848      1.47      1.09         0
     34/99     10.2G      1.53      1.76         0      3.29       118       416     0.783     0.961     0.929     0.863      1.43      1.11         0
     35/99     10.2G      1.52      1.81         0      3.34       144       416     0.719     0.961     0.917     0.822      1.51      1.07         0
     36/99     10.2G      1.55      1.78         0      3.33       228       416     0.851     0.956     0.962       0.9      1.37      1.04         0
     37/99     10.2G      1.47      1.79         0      3.26       127       416     0.899     0.955      0.97     0.926      1.41      1.05         0
     38/99     10.2G      1.44      1.72         0      3.17       208       416     0.888     0.958      0.97     0.922      1.29      1.04         0
     39/99     10.2G      1.47      1.75         0      3.22       152       416     0.889     0.955     0.963     0.921      1.41      1.03         0
     40/99     10.2G       1.4       1.7         0       3.1       169       416     0.855     0.963     0.964     0.906      1.37      1.02         0
     41/99     10.2G      1.38      1.69         0      3.07       125       416     0.845     0.966     0.954     0.902      1.22     0.988         0
     42/99     10.2G      1.33      1.67         0         3       147       416     0.785     0.967     0.948     0.867      1.33     0.991         0
     43/99     10.2G      1.35      1.71         0      3.06       217       416     0.858     0.967     0.967      0.91      1.28      1.02         0
     44/99     10.2G      1.29      1.57         0      2.86       152       416     0.913     0.964     0.975     0.938      1.23     0.959         0
     45/99     10.2G      1.31      1.63         0      2.94       201       416     0.917     0.963     0.975     0.939      1.22     0.961         0
     46/99     10.2G      1.28      1.65         0      2.93       183       416     0.923     0.966     0.976     0.944      1.21     0.976         0
     47/99     10.2G      1.25      1.59         0      2.83       180       416     0.926     0.962     0.976     0.943      1.16     0.957         0
     48/99     10.2G      1.27      1.66         0      2.93       183       416     0.922     0.964     0.977     0.942      1.13     0.948         0
     49/99     10.2G      1.23       1.6         0      2.84       145       416     0.931     0.964     0.976     0.947      1.15     0.945         0
     50/99     10.2G      1.21      1.66         0      2.86       168       416     0.925     0.964     0.976     0.944      1.11      0.93         0
     51/99     10.2G       1.2      1.56         0      2.77       153       416     0.938      0.96     0.976     0.949      1.04     0.942         0
     52/99     10.2G      1.17      1.55         0      2.72       184       416     0.938     0.958     0.976     0.948      1.23      0.94         0
     53/99     10.2G      1.14      1.59         0      2.73       165       416      0.92     0.969     0.976     0.944       1.1     0.922         0
     54/99     10.2G      1.16      1.62         0      2.78       187       416     0.938     0.969     0.979     0.954      1.15     0.926         0
     55/99     10.2G      1.14      1.53         0      2.67       162       416     0.937     0.961     0.977     0.949      1.19     0.935         0
     56/99     10.2G      1.14      1.61         0      2.75       211       416     0.935     0.967     0.977     0.951     0.992     0.922         0
     57/99     10.2G      1.13      1.57         0       2.7       181       416     0.935     0.967     0.977     0.951      0.99     0.911         0
     58/99     10.2G      1.05      1.49         0      2.54       152       416      0.94     0.967     0.978     0.953      1.01     0.902         0
     59/99     10.2G      1.07       1.6         0      2.67       193       416      0.94     0.969     0.979     0.954     0.979     0.908         0
     60/99     10.2G      1.05      1.52         0      2.57       173       416     0.947      0.97     0.979     0.958      1.02     0.906         0
     61/99     10.2G      1.07      1.48         0      2.55       166       416     0.943      0.97      0.98     0.956      0.97       0.9         0
     62/99     10.2G      1.07      1.53         0       2.6       214       416     0.945     0.971      0.98     0.958     0.964     0.896         0
     63/99     10.2G      1.01      1.44         0      2.45       145       416     0.953     0.967     0.979      0.96         1       0.9         0
     64/99     10.2G      1.01      1.45         0      2.45       174       416     0.948     0.964     0.979     0.956     0.985     0.897         0
     65/99     10.2G      1.01      1.47         0      2.48       191       416     0.948     0.966     0.979     0.957     0.959      0.89         0
     66/99     10.2G      1.03      1.47         0       2.5       185       416     0.948     0.968     0.979     0.958     0.955     0.884         0
     67/99     10.2G     0.992      1.46         0      2.46       160       416     0.941      0.97     0.979     0.955     0.949     0.882         0
     68/99     10.2G      1.01      1.52         0      2.52       167       416     0.944     0.971     0.979     0.957      1.02       0.9         0
     69/99     10.2G      1.02      1.49         0      2.51       159       416     0.946      0.97     0.979     0.958     0.966     0.882         0
     70/99     10.2G     0.984       1.5         0      2.49       143       416     0.943     0.969     0.979     0.956     0.916     0.877         0
     71/99     10.2G     0.975      1.43         0       2.4       157       416      0.95     0.969     0.979      0.96     0.922     0.879         0
     72/99     10.2G      1.01      1.47         0      2.48       190       416     0.953     0.967     0.979      0.96     0.939     0.868         0
     73/99     10.2G         1      1.43         0      2.43       159       416     0.951     0.964     0.979     0.958      0.93     0.877         0
     74/99     10.2G     0.973      1.47         0      2.45       148       416     0.944      0.97     0.979     0.957     0.904     0.869         0
     75/99     10.2G     0.984      1.47         0      2.45       141       416     0.946      0.97      0.98     0.957     0.906     0.874         0
     76/99     10.2G     0.998      1.47         0      2.47       142       416     0.947     0.971      0.98     0.959     0.909     0.868         0
     77/99     10.2G     0.963      1.41         0      2.37       181       416      0.95     0.972      0.98     0.961     0.912     0.865         0
     78/99     10.2G     0.972      1.44         0      2.41       167       416     0.949     0.971      0.98      0.96     0.912     0.855         0
     79/99     10.2G         1      1.47         0      2.47       186       416      0.95     0.969      0.98      0.96     0.902     0.856         0
     80/99     10.2G     0.991      1.46         0      2.45       160       416     0.952     0.971      0.98     0.961     0.906      0.86         0
     81/99     10.2G     0.959      1.46         0      2.42       204       416     0.954     0.972      0.98     0.963     0.912     0.863         0
     82/99     10.2G     0.971      1.44         0      2.42       169       416     0.954     0.971      0.98     0.963       0.9     0.858         0
     83/99     10.2G      0.95      1.44         0      2.39       183       416     0.952     0.972      0.98     0.962     0.914     0.856         0
     84/99     10.2G     0.994      1.46         0      2.45       179       416     0.952     0.972      0.98     0.962     0.891     0.861         0
     85/99     10.2G     0.962      1.48         0      2.44       186       416     0.954     0.972      0.98     0.963      0.89     0.865         0
     86/99     10.2G     0.961      1.37         0      2.33       180       416     0.954     0.969      0.98     0.962     0.894     0.864         0
     87/99     10.2G     0.965      1.44         0      2.41       220       416     0.957     0.971      0.98     0.964     0.889      0.86         0
     88/99     10.2G     0.972      1.47         0      2.44       192       416     0.955     0.971      0.98     0.963     0.894     0.856         0
     89/99     10.2G     0.948      1.46         0      2.41       196       416     0.956      0.97      0.98     0.963     0.897     0.857         0
     90/99     10.2G      0.95      1.41         0      2.36       193       416     0.956     0.969      0.98     0.962     0.891     0.855         0
     91/99     10.2G     0.973      1.49         0      2.46       171       416     0.954     0.969      0.98     0.962      0.89     0.855         0
     92/99     10.2G     0.951      1.38         0      2.33       157       416     0.954      0.97      0.98     0.962     0.891     0.855         0
     93/99     10.2G     0.991      1.48         0      2.47       156       416     0.953     0.971      0.98     0.962     0.887     0.855         0
     94/99     10.2G     0.962      1.47         0      2.43       159       416     0.951     0.971      0.98     0.961     0.887     0.855         0
     95/99     10.2G     0.946      1.37         0      2.31       195       416     0.951     0.971      0.98     0.961     0.885     0.855         0
     96/99     10.2G     0.984      1.49         0      2.48       175       416     0.951     0.971      0.98      0.96     0.884     0.855         0
     97/99     10.2G      0.95      1.45         0       2.4       170       416     0.951     0.971      0.98     0.961     0.883     0.855         0
     98/99     10.2G     0.953      1.46         0      2.41       162       416     0.951     0.971      0.98     0.961     0.883     0.855         0
     99/99     10.2G     0.962      1.46         0      2.43       168       416     0.951     0.971      0.98     0.961     0.882     0.855         0
