      0/99      3.7G      4.73      10.2         0      14.9       127       416     0.275     0.526     0.231     0.361      3.59      4.85         0
      1/99       10G      3.65      6.15         0      9.81       131       416     0.325     0.658     0.348     0.435      3.18      4.29         0
      2/99       10G      3.26      4.82         0      8.08       120       416     0.362     0.708     0.526     0.479      3.47      3.25         0
      3/99       10G      2.75      2.85         0       5.6       128       416     0.721     0.765     0.771     0.742      2.82      2.19         0
      4/99       10G      2.61      2.63         0      5.24        99       416      0.81     0.782     0.826     0.796      2.53      2.11         0
      5/99       10G      2.45      2.45         0       4.9       106       416     0.344     0.817     0.494     0.484      3.38      2.75         0
      6/99       10G      2.39      2.38         0      4.77       105       416     0.338     0.878     0.607     0.488      2.87      2.82         0
      7/99       10G      2.15       2.3         0      4.45       119       416     0.392     0.906     0.704     0.547      2.54      2.23         0
      8/99       10G      2.03      2.35         0      4.38       159       416     0.447      0.92     0.829     0.602      2.41      2.11         0
      9/99       10G      1.94      2.15         0      4.09       118       416     0.503     0.936      0.85     0.654      1.98      1.88         0
     10/99       10G      1.92      2.01         0      3.93       108       416     0.468     0.938     0.824     0.624      1.96      1.67         0
     11/99       10G      1.84      1.99         0      3.83       157       416     0.656     0.921     0.905     0.766      1.95      1.64         0
     12/99       10G      1.74      1.91         0      3.65       154       416     0.547     0.938     0.875     0.691      1.98      1.71         0
     13/99       10G      1.79         2         0       3.8        99       416     0.744     0.939     0.935      0.83       1.6      1.48         0
     14/99       10G      1.76      1.84         0       3.6       104       416     0.799     0.934     0.936     0.862      1.68      1.44         0
     15/99       10G      1.68      1.89         0      3.57       111       416      0.76     0.935     0.934     0.838      1.77      1.43         0
     16/99       10G       1.7      1.85         0      3.55       109       416     0.816     0.933     0.935      0.87      1.68      1.42         0
     17/99       10G      1.62      1.86         0      3.49       119       416     0.772     0.935     0.928     0.845      1.59      1.41         0
     18/99       10G       1.6      1.88         0      3.49       108       416     0.823     0.941     0.952     0.878      1.46      1.33         0
     19/99       10G      1.49      1.78         0      3.27       102       416     0.852     0.943      0.96     0.895      1.44      1.32         0
     20/99       10G      1.53      1.81         0      3.33       117       416     0.847     0.942     0.959     0.892       1.6      1.35         0
     21/99       10G      1.51      1.75         0      3.26       182       416     0.885      0.94     0.966     0.912      1.31      1.29         0
     22/99       10G      1.41      1.72         0      3.13        97       416     0.867     0.942     0.965     0.903      1.35      1.25         0
     23/99       10G      1.42      1.69         0      3.12       125       416     0.907     0.937      0.97     0.922      1.25      1.24         0
     24/99       10G      1.36      1.68         0      3.04       100       416     0.902     0.944     0.972     0.922      1.21      1.27         0
     25/99       10G      1.41      1.67         0      3.07       105       416     0.872     0.947      0.97     0.908      1.29      1.26         0
     26/99       10G      1.35       1.7         0      3.05        94       416     0.895     0.945     0.971      0.92      1.13      1.21         0
     27/99       10G      1.32       1.7         0      3.02       128       416      0.86     0.948     0.967     0.902      1.24      1.18         0
     28/99       10G      1.29      1.58         0      2.86        79       416     0.893     0.948     0.973     0.919       1.2      1.17         0
     29/99       10G      1.25      1.63         0      2.88       129       416     0.823     0.958     0.955     0.885      1.29      1.22         0
     30/99       10G      1.28      1.62         0      2.89       170       416     0.891     0.952     0.974      0.92      1.29      1.22         0
     31/99       10G       1.2      1.64         0      2.83       115       416     0.925     0.945     0.977     0.935      1.14      1.15         0
     32/99       10G      1.18      1.56         0      2.74       141       416     0.905     0.952     0.976     0.928      1.05      1.15         0
     33/99       10G      1.16      1.51         0      2.67       101       416     0.912     0.954     0.977     0.933      1.02      1.15         0
     34/99       10G      1.21      1.62         0      2.83        98       416     0.897     0.952     0.975     0.924      1.06      1.16         0
     35/99       10G      1.18      1.55         0      2.72       137       416      0.92     0.952      0.98     0.936      1.18      1.15         0
     36/99       10G      1.19      1.59         0      2.78       100       416     0.924     0.956     0.982      0.94      1.02      1.12         0
     37/99       10G      1.13      1.52         0      2.66        99       416     0.919     0.955      0.98     0.937      1.01      1.12         0
     38/99       10G      1.07      1.55         0      2.63       128       416     0.914     0.958     0.981     0.935      1.04      1.13         0
     39/99       10G       1.1      1.55         0      2.65        95       416      0.93     0.952     0.982     0.941      1.09      1.12         0
     40/99       10G       1.1      1.56         0      2.66       130       416     0.927     0.958     0.983     0.943     0.973      1.11         0
     41/99       10G      1.11      1.51         0      2.62       125       416     0.918      0.96     0.982     0.939      1.24      1.19         0
     42/99       10G      1.08      1.54         0      2.61        82       416     0.909     0.966     0.983     0.936     0.952      1.07         0
     43/99       10G      1.06      1.48         0      2.53       106       416     0.922     0.962     0.983     0.941     0.921      1.07         0
     44/99       10G      1.04      1.47         0      2.51       101       416     0.928     0.961     0.984     0.944     0.899      1.05         0
     45/99       10G     0.988      1.42         0      2.41        92       416     0.923     0.962     0.983     0.942     0.903      1.05         0
     46/99       10G     0.998      1.44         0      2.44        97       416     0.933     0.958     0.984     0.945     0.883      1.05         0
     47/99       10G     0.978      1.44         0      2.42        90       416     0.936     0.962     0.985     0.949     0.867      1.04         0
     48/99       10G     0.978       1.5         0      2.48       160       416     0.932      0.96     0.984     0.946     0.866      1.06         0
     49/99       10G     0.966      1.42         0      2.38        77       416     0.918     0.965     0.984     0.941     0.868      1.05         0
     50/99       10G     0.974      1.42         0       2.4       145       416     0.935     0.959     0.984     0.946     0.926      1.09         0
     51/99       10G     0.925      1.39         0      2.31       108       416     0.935     0.962     0.985     0.948     0.831      1.02         0
     52/99       10G     0.944      1.44         0      2.38       173       416     0.933     0.963     0.985     0.948     0.797      1.01         0
     53/99       10G     0.945      1.47         0      2.41        87       416     0.936     0.963     0.985     0.949     0.851      1.01         0
     54/99       10G     0.928       1.4         0      2.33       113       416     0.937     0.961     0.986     0.949      0.81      1.02         0
     55/99       10G     0.911      1.41         0      2.32       127       416     0.948     0.958     0.986     0.953      0.83      1.02         0
     56/99       10G     0.925      1.42         0      2.34       131       416     0.945      0.96     0.986     0.952     0.822         1         0
     57/99       10G     0.905      1.39         0      2.29       100       416     0.938     0.966     0.986     0.952     0.808      0.99         0
     58/99       10G     0.891      1.38         0      2.27        99       416     0.939     0.962     0.986      0.95     0.793     0.981         0
     59/99       10G     0.938      1.46         0       2.4       141       416     0.936     0.969     0.987     0.952     0.788     0.991         0
     60/99       10G     0.853      1.39         0      2.24       101       416     0.938     0.964     0.987     0.951     0.792     0.997         0
     61/99       10G      0.88      1.36         0      2.24       138       416     0.936     0.964     0.986      0.95     0.776     0.974         0
     62/99       10G     0.864      1.39         0      2.25       123       416     0.937     0.966     0.987     0.951     0.772     0.981         0
     63/99       10G     0.876      1.41         0      2.29        98       416     0.936     0.966     0.986      0.95     0.758     0.965         0
     64/99       10G     0.869      1.37         0      2.24        89       416     0.933     0.966     0.987     0.949     0.781     0.967         0
     65/99       10G     0.872      1.32         0      2.19        74       416     0.937     0.966     0.987     0.951     0.757     0.964         0
     66/99       10G     0.868      1.38         0      2.25       116       416     0.935     0.967     0.987     0.951     0.768     0.966         0
     67/99       10G     0.862      1.38         0      2.24       140       416     0.934     0.969     0.987     0.951      0.75     0.953         0
     68/99       10G     0.852      1.38         0      2.23       135       416     0.938     0.967     0.987     0.953     0.755     0.953         0
     69/99       10G     0.866      1.38         0      2.25       118       416     0.935     0.969     0.987     0.951      0.75     0.967         0
     70/99       10G     0.854      1.31         0      2.16        87       416      0.94     0.967     0.987     0.953     0.742     0.948         0
     71/99       10G     0.856      1.34         0       2.2       110       416     0.939     0.969     0.988     0.954     0.737     0.939         0
     72/99       10G     0.836      1.29         0      2.13        87       416     0.944     0.965     0.987     0.954     0.741     0.943         0
     73/99       10G     0.837      1.29         0      2.12        88       416     0.943     0.966     0.988     0.955     0.742     0.941         0
     74/99       10G     0.847      1.38         0      2.23       182       416      0.93     0.971     0.987      0.95     0.731     0.937         0
     75/99       10G     0.819      1.36         0      2.18       103       416     0.937     0.968     0.987     0.952     0.729     0.935         0
     76/99       10G     0.848       1.3         0      2.15       137       416     0.941     0.968     0.988     0.954     0.729     0.929         0
     77/99       10G     0.825      1.33         0      2.15       155       416     0.937     0.969     0.987     0.953      0.73     0.929         0
     78/99       10G     0.811      1.26         0      2.07       119       416     0.941     0.968     0.988     0.955     0.725     0.929         0
     79/99       10G     0.854      1.36         0      2.21        91       416     0.939     0.971     0.988     0.954     0.724     0.922         0
     80/99       10G     0.842      1.32         0      2.16       128       416     0.935     0.971     0.988     0.953      0.72     0.925         0
     81/99       10G     0.822      1.32         0      2.15       119       416     0.939     0.971     0.988     0.955     0.719     0.929         0
     82/99       10G     0.812      1.33         0      2.15       111       416     0.935     0.972     0.988     0.953     0.722      0.93         0
     83/99       10G     0.812      1.32         0      2.13       133       416     0.936     0.972     0.988     0.954     0.717     0.918         0
     84/99       10G     0.805      1.32         0      2.12        94       416     0.937     0.971     0.988     0.954     0.718     0.918         0
     85/99       10G     0.849      1.38         0      2.23       133       416     0.937     0.972     0.988     0.954     0.717     0.918         0
     86/99       10G     0.806      1.24         0      2.05        76       416     0.939     0.971     0.988     0.955     0.716      0.92         0
     87/99       10G     0.819      1.29         0      2.11       118       416     0.939      0.97     0.988     0.954     0.714     0.918         0
     88/99       10G      0.83       1.3         0      2.13       185       416     0.939     0.971     0.988     0.955     0.714      0.92         0
     89/99       10G     0.824      1.34         0      2.17       127       416     0.936     0.971     0.988     0.953     0.716      0.92         0
     90/99       10G     0.815      1.29         0      2.11       102       416     0.937     0.971     0.988     0.954     0.711     0.915         0
     91/99       10G     0.834      1.34         0      2.17       149       416     0.937     0.971     0.988     0.953     0.711     0.913         0
     92/99       10G      0.79      1.33         0      2.12       127       416     0.937     0.972     0.988     0.954      0.71     0.911         0
     93/99       10G     0.816       1.3         0      2.12       114       416     0.937     0.972     0.988     0.954     0.711      0.91         0
     94/99       10G     0.838      1.36         0       2.2       102       416     0.937     0.973     0.988     0.955      0.71     0.911         0
     95/99       10G     0.819      1.29         0      2.11       121       416     0.937     0.973     0.988     0.955      0.71     0.911         0
     96/99       10G     0.805       1.3         0      2.11        83       416     0.937     0.973     0.988     0.955      0.71     0.912         0
     97/99       10G      0.79      1.26         0      2.05       115       416     0.937     0.973     0.988     0.955     0.709     0.912         0
     98/99       10G     0.812       1.3         0      2.11       109       416     0.937     0.974     0.988     0.955     0.709     0.912         0
     99/99       10G     0.828      1.33         0      2.16       107       416     0.936     0.974     0.988     0.954     0.709     0.912         0
