      0/99     1.91G      4.42      8.26         0      12.7        68       416     0.314     0.556     0.277     0.401      3.47      4.63         0
      1/99     4.09G      3.41      5.06         0      8.47        57       416     0.475     0.735     0.531     0.577      2.63      3.63         0
      2/99     4.09G      2.81      4.04         0      6.85        64       416     0.519     0.748     0.545     0.612      2.54      2.89         0
      3/99     4.09G      2.26      2.83         0      5.09        92       416     0.279     0.748     0.455     0.407       3.1      2.52         0
      4/99     4.09G      2.18      2.47         0      4.65        91       416     0.212     0.872     0.492     0.341      3.06      3.36         0
      5/99     4.09G      2.11      2.41         0      4.53        82       416     0.404     0.899     0.715     0.558      2.28      2.12         0
      6/99     4.09G      1.93       2.2         0      4.12        66       416      0.38     0.915     0.701     0.537      2.63       2.2         0
      7/99     4.09G       1.8      2.22         0      4.02        65       416     0.599     0.937     0.866      0.73      1.87      1.86         0
      8/99     4.09G      1.78      2.15         0      3.94        60       416     0.716     0.943     0.909     0.814      1.69       1.7         0
      9/99     4.09G      1.72      2.04         0      3.75        95       416     0.797     0.943     0.943     0.864      1.63      1.64         0
     10/99     4.09G      1.68      2.05         0      3.74        74       416     0.772     0.949     0.933     0.851      1.76      1.64         0
     11/99     4.09G      1.62      1.93         0      3.55       111       416     0.868      0.94     0.947     0.902      1.45      1.53         0
     12/99     4.09G      1.63      1.89         0      3.52        82       416     0.892     0.943     0.959     0.917      1.75      1.56         0
     13/99     4.09G      1.55      1.89         0      3.44        72       416     0.899     0.943     0.961      0.92      1.43       1.5         0
     14/99     4.09G      1.54      1.87         0      3.41        39       416     0.916      0.95     0.964     0.933      1.45      1.49         0
     15/99     4.09G      1.52       1.8         0      3.31        78       416     0.856     0.947     0.953     0.899      1.63      1.47         0
     16/99     4.09G      1.46      1.81         0      3.27        63       416     0.869      0.96     0.953     0.912      1.31      1.48         0
     17/99     4.09G      1.42      1.74         0      3.17        49       416     0.925     0.944     0.967     0.935      1.17      1.45         0
     18/99     4.09G      1.36      1.81         0      3.17        88       416     0.911     0.958     0.966     0.934      1.39      1.44         0
     19/99     4.09G      1.35      1.69         0      3.04        96       416     0.911      0.95     0.959     0.931      1.19      1.37         0
     20/99     4.09G      1.36       1.8         0      3.15        70       416     0.919      0.95      0.97     0.934      1.18      1.34         0
     21/99     4.09G      1.29      1.76         0      3.04        46       416     0.925     0.954     0.972     0.939      1.22      1.35         0
     22/99     4.09G      1.28      1.74         0      3.02       120       416     0.929     0.958     0.972     0.944      1.05      1.33         0
     23/99     4.09G      1.23      1.64         0      2.88        82       416     0.942     0.952      0.97     0.947      1.03       1.3         0
     24/99     4.09G      1.23      1.68         0      2.91        72       416     0.951      0.96     0.973     0.955      1.06      1.39         0
     25/99     4.09G      1.17      1.64         0      2.81        50       416     0.936      0.96     0.976     0.948     0.972      1.29         0
     26/99     4.09G      1.18      1.57         0      2.76        66       416     0.935     0.963     0.978     0.949     0.964       1.3         0
     27/99     4.09G      1.21      1.66         0      2.87        94       416     0.957     0.955     0.976     0.956      1.03      1.36         0
     28/99     4.09G      1.14      1.56         0       2.7        67       416     0.911     0.961     0.964     0.936      1.13      1.36         0
     29/99     4.09G       1.1      1.61         0      2.72        63       416     0.941     0.963     0.981     0.952     0.913      1.27         0
     30/99     4.09G      1.12      1.53         0      2.65        50       416     0.948     0.963     0.976     0.955         1      1.28         0
     31/99     4.09G      1.08      1.55         0      2.63       100       416     0.937     0.961     0.976     0.949     0.968      1.27         0
     32/99     4.09G      1.11      1.59         0      2.71        73       416     0.962     0.963     0.977     0.963     0.942      1.28         0
     33/99     4.09G      1.08      1.47         0      2.55        95       416     0.956     0.963      0.98      0.96         1      1.29         0
     34/99     4.09G      1.08      1.53         0      2.61        53       416     0.948     0.965     0.977     0.956     0.865      1.22         0
     35/99     4.09G      1.04      1.58         0      2.61       102       416     0.952     0.961     0.982     0.957     0.851      1.21         0
     36/99     4.09G      1.06      1.51         0      2.57        94       416      0.95     0.965     0.977     0.958     0.956      1.21         0
     37/99     4.09G      1.07      1.58         0      2.65        80       416     0.953     0.965     0.977     0.959     0.865      1.22         0
     38/99     4.09G      1.03      1.49         0      2.52        68       416     0.948     0.966     0.983     0.957     0.928      1.28         0
     39/99     4.09G      1.05      1.58         0      2.63       100       416      0.95     0.963     0.978     0.956     0.925      1.21         0
     40/99     4.09G      1.01      1.48         0      2.49        60       416     0.966     0.971     0.979     0.968     0.857       1.2         0
     41/99     4.09G     0.985       1.5         0      2.48        75       416     0.955     0.967     0.978     0.961     0.852      1.18         0
     42/99     4.09G     0.983      1.51         0       2.5        88       416     0.959     0.971     0.984     0.965     0.834      1.22         0
     43/99     4.09G     0.973      1.49         0      2.46        78       416     0.956     0.967     0.982     0.962     0.804       1.2         0
     44/99     4.09G     0.951      1.38         0      2.33        68       416     0.965     0.969     0.977     0.967     0.881      1.18         0
     45/99     4.09G     0.962      1.42         0      2.39       108       416     0.963     0.966     0.985     0.965       0.8      1.18         0
     46/99     4.09G      0.94      1.45         0      2.39        67       416     0.957     0.971     0.986     0.964      0.85      1.19         0
     47/99     4.09G     0.912      1.35         0      2.26        54       416      0.96     0.969     0.986     0.965     0.872      1.18         0
     48/99     4.09G      0.95      1.46         0      2.41        86       416     0.951     0.967     0.979     0.959     0.794      1.16         0
     49/99     4.09G     0.921       1.4         0      2.32        50       416     0.964     0.971     0.985     0.967     0.782      1.15         0
     50/99     4.09G     0.908      1.43         0      2.34        64       416     0.963     0.969      0.98     0.966     0.827       1.2         0
     51/99     4.09G     0.903      1.41         0      2.32        43       416     0.961     0.969     0.979     0.965     0.783      1.15         0
     52/99     4.09G     0.878      1.35         0      2.23        84       416      0.96     0.969      0.98     0.964     0.763      1.15         0
     53/99     4.09G     0.902      1.42         0      2.33        69       416     0.951     0.967     0.979     0.959     0.782      1.17         0
     54/99     4.09G     0.905      1.41         0      2.32        55       416     0.954     0.966     0.979      0.96     0.771      1.14         0
     55/99     4.09G     0.874      1.38         0      2.26        88       416     0.962     0.967     0.979     0.965     0.753      1.16         0
     56/99     4.09G     0.896      1.42         0      2.32        72       416     0.964     0.964     0.978     0.964     0.796      1.17         0
     57/99     4.09G     0.911       1.4         0      2.31        72       416     0.965     0.966     0.978     0.965     0.748      1.12         0
     58/99     4.09G     0.855      1.33         0      2.18        43       416     0.966     0.966      0.98     0.966      0.76      1.12         0
     59/99     4.09G     0.878      1.44         0      2.32        69       416     0.958     0.967     0.979     0.963       0.8      1.12         0
     60/99     4.09G      0.86      1.38         0      2.24       111       416     0.963     0.966     0.979     0.965     0.776      1.13         0
     61/99     4.09G     0.873      1.33         0       2.2        43       416     0.966     0.964      0.98     0.965     0.769      1.12         0
     62/99     4.09G     0.878      1.39         0      2.27        77       416     0.967     0.966     0.979     0.966     0.747      1.11         0
     63/99     4.09G     0.841       1.3         0      2.14        59       416     0.966     0.968     0.979     0.967     0.745      1.11         0
     64/99     4.09G     0.834      1.28         0      2.12        55       416     0.965     0.967     0.979     0.966     0.763      1.11         0
     65/99     4.09G     0.841      1.29         0      2.13        87       416     0.968     0.967     0.979     0.968     0.747      1.11         0
     66/99     4.09G     0.863      1.36         0      2.22        62       416     0.965     0.966      0.98     0.966     0.735      1.11         0
     67/99     4.09G     0.827      1.33         0      2.15        80       416     0.964     0.966     0.979     0.965     0.744      1.09         0
     68/99     4.09G     0.847      1.38         0      2.23        70       416     0.966     0.962     0.979     0.964      0.74      1.09         0
     69/99     4.09G     0.837      1.31         0      2.15        49       416     0.961     0.963     0.979     0.962     0.722      1.08         0
     70/99     4.09G      0.83      1.37         0       2.2        71       416     0.963     0.966     0.979     0.964     0.717      1.09         0
     71/99     4.09G      0.82      1.31         0      2.13        88       416     0.965     0.964     0.979     0.965     0.729      1.08         0
     72/99     4.09G     0.821      1.31         0      2.13        85       416     0.964     0.966     0.979     0.965     0.733       1.1         0
     73/99     4.09G     0.833      1.29         0      2.13        54       416     0.962     0.966     0.979     0.964     0.711      1.07         0
     74/99     4.09G      0.82      1.33         0      2.15       113       416     0.964     0.966      0.98     0.965     0.702      1.07         0
     75/99     4.09G     0.832      1.32         0      2.15        93       416     0.964     0.966     0.979     0.965     0.721      1.07         0
     76/99     4.09G     0.836      1.34         0      2.17        85       416     0.966     0.967     0.979     0.966     0.715      1.07         0
     77/99     4.09G     0.797      1.28         0      2.08        79       416     0.967     0.966     0.979     0.966      0.71      1.08         0
     78/99     4.09G     0.809      1.29         0       2.1        60       416     0.966     0.966     0.979     0.966     0.723      1.07         0
     79/99     4.09G      0.83      1.33         0      2.16        47       416     0.964     0.964      0.98     0.964     0.708      1.07         0
     80/99     4.09G     0.828      1.32         0      2.15        86       416     0.961     0.964     0.985     0.963     0.705      1.07         0
     81/99     4.09G     0.785      1.28         0      2.06        65       416     0.966     0.965     0.986     0.966     0.708      1.07         0
     82/99     4.09G      0.81      1.31         0      2.12        38       416     0.963     0.964      0.98     0.964     0.703      1.07         0
     83/99     4.09G     0.789      1.31         0       2.1        54       416     0.961     0.965      0.98     0.963     0.729      1.08         0
     84/99     4.09G     0.812      1.29         0       2.1        64       416     0.963     0.966      0.98     0.964     0.709      1.08         0
     85/99     4.09G      0.81      1.32         0      2.13        96       416     0.963     0.966     0.979     0.964     0.706      1.07         0
     86/99     4.09G     0.801      1.27         0      2.07        71       416     0.964     0.966      0.98     0.965     0.713      1.07         0
     87/99     4.09G      0.79      1.27         0      2.06       108       416     0.962     0.966     0.979     0.964     0.713      1.07         0
     88/99     4.09G     0.808      1.28         0      2.09        62       416     0.963     0.966     0.979     0.964     0.715      1.07         0
     89/99     4.09G     0.788       1.3         0      2.09        58       416     0.965     0.966     0.979     0.965       0.7      1.07         0
     90/99     4.09G     0.792      1.23         0      2.03        44       416     0.964     0.966     0.979     0.965     0.705      1.07         0
     91/99     4.09G      0.81      1.32         0      2.13        54       416     0.964     0.966     0.979     0.965     0.701      1.07         0
     92/99     4.09G     0.776      1.23         0      2.01        32       416     0.964     0.966     0.979     0.965     0.709      1.07         0
     93/99     4.09G     0.812      1.33         0      2.14        75       416     0.964     0.966      0.98     0.965     0.703      1.07         0
     94/99     4.09G     0.792      1.33         0      2.12        79       416     0.963     0.964      0.98     0.964     0.706      1.07         0
     95/99     4.09G     0.777      1.22         0         2        55       416     0.963     0.965      0.98     0.964     0.706      1.07         0
     96/99     4.09G     0.822      1.35         0      2.17        45       416     0.963     0.964      0.98     0.964     0.704      1.07         0
     97/99     4.09G     0.809      1.34         0      2.15       112       416     0.963     0.964      0.98     0.964     0.705      1.07         0
     98/99     4.09G     0.815      1.34         0      2.15       114       416     0.963     0.964     0.979     0.964     0.706      1.07         0
     99/99     4.09G     0.811      1.34         0      2.15        71       416     0.964     0.966     0.984     0.965     0.706      1.07         0
