      0/99      3.7G      4.72      10.3         0        15       139       416     0.249     0.458     0.162     0.323      3.81      4.22         0
      1/99      6.1G      3.88      5.99         0      9.87       134       416     0.315     0.591     0.261     0.411      3.28      3.94         0
      2/99      6.1G      3.34      5.41         0      8.76       186       416     0.301     0.585     0.231     0.398      3.26      3.02         0
      3/99      6.1G      2.76      3.18         0      5.95       216       416     0.613     0.779     0.679     0.686      2.76      2.19         0
      4/99      6.1G      2.85      2.71         0      5.56       202       416     0.663     0.754     0.736     0.706      2.78      1.94         0
      5/99      6.1G      2.53      2.76         0      5.29       145       416      0.65     0.776     0.761     0.707      2.63      1.86         0
      6/99      6.1G      2.39       2.5         0      4.88       142       416     0.191     0.729     0.365     0.303      3.81      2.81         0
      7/99      6.1G      2.39      2.42         0      4.82       142       416     0.259     0.884     0.567       0.4      3.55      2.65         0
      8/99      6.1G      2.19      2.38         0      4.57       141       416     0.353     0.924     0.645     0.511      2.53      2.14         0
      9/99      6.1G      2.08      2.27         0      4.34       154       416     0.392     0.938     0.693     0.553      2.36      1.97         0
     10/99      6.1G      1.96      2.28         0      4.24       143       416     0.443     0.944     0.795     0.603      2.13      1.86         0
     11/99      6.1G      1.96      2.11         0      4.07       156       416     0.508     0.941     0.778      0.66      2.21      1.59         0
     12/99      6.1G      1.85      2.04         0      3.89       143       416     0.472      0.95     0.807      0.63       2.2      1.63         0
     13/99      6.1G      1.89      2.02         0       3.9       135       416     0.606     0.946     0.859     0.738      2.09      1.47         0
     14/99      6.1G      1.82      2.01         0      3.83       191       416     0.638      0.95     0.914     0.763       1.9       1.4         0
     15/99      6.1G       1.8      1.92         0      3.71       188       416     0.715     0.955     0.937     0.818      1.77      1.31         0
     16/99      6.1G      1.76       1.9         0      3.66       154       416     0.843     0.946      0.95     0.891      1.68      1.31         0
     17/99      6.1G      1.68      1.82         0       3.5       191       416     0.877     0.947     0.955     0.911      1.56      1.24         0
     18/99      6.1G      1.69      1.92         0       3.6       166       416     0.794     0.957     0.927     0.868      1.54      1.28         0
     19/99      6.1G      1.61      1.77         0      3.38       192       416     0.838     0.954     0.947     0.892       1.6      1.23         0
     20/99      6.1G      1.63      1.87         0       3.5       198       416     0.859     0.952     0.959     0.903      1.52      1.17         0
     21/99      6.1G      1.55       1.8         0      3.35       174       416     0.889      0.95     0.959     0.919      1.46      1.19         0
     22/99      6.1G      1.52      1.78         0       3.3       195       416     0.895      0.95     0.963     0.922      1.48      1.14         0
     23/99      6.1G       1.5      1.72         0      3.22       203       416     0.869     0.954     0.957     0.909      1.49      1.16         0
     24/99      6.1G      1.47      1.72         0      3.19       147       416     0.923     0.955     0.973     0.939      1.35      1.14         0
     25/99      6.1G      1.46      1.74         0       3.2       193       416     0.908     0.962     0.968     0.934      1.28      1.12         0
     26/99      6.1G       1.4      1.66         0      3.06       178       416     0.901     0.963      0.97     0.931      1.23      1.13         0
     27/99      6.1G      1.39      1.75         0      3.13       218       416      0.87     0.966     0.966     0.915      1.31      1.12         0
     28/99      6.1G      1.35       1.6         0      2.95       138       416     0.936     0.952     0.973     0.944       1.5      1.13         0
     29/99      6.1G      1.37      1.75         0      3.12       182       416     0.929      0.96     0.974     0.944      1.38       1.1         0
     30/99      6.1G      1.38      1.66         0      3.03       162       416     0.939     0.958     0.981     0.949      1.17      1.09         0
     31/99      6.1G      1.26      1.62         0      2.89       127       416     0.917     0.969     0.974     0.942      1.21      1.08         0
     32/99      6.1G      1.29      1.68         0      2.97       164       416     0.941     0.964     0.978     0.952      1.21      1.06         0
     33/99      6.1G      1.22      1.53         0      2.75       145       416      0.94     0.964     0.977     0.952       1.2      1.07         0
     34/99      6.1G      1.24      1.54         0      2.78       118       416     0.938      0.96     0.979     0.949      1.19      1.09         0
     35/99      6.1G      1.29      1.63         0      2.92       144       416     0.942     0.961     0.978     0.952      1.29      1.07         0
     36/99      6.1G      1.23      1.56         0       2.8       228       416     0.938     0.964     0.981     0.951      1.09      1.03         0
     37/99      6.1G      1.24       1.6         0      2.84       127       416      0.93     0.966     0.978     0.948      1.11      1.04         0
     38/99      6.1G      1.21      1.58         0      2.79       208       416     0.936     0.969     0.982     0.952         1      1.01         0
     39/99      6.1G      1.19      1.59         0      2.78       152       416     0.944     0.964     0.977     0.954      1.04      1.03         0
     40/99      6.1G      1.11      1.52         0      2.62       169       416     0.943     0.958     0.977     0.951      1.06      1.02         0
     41/99      6.1G      1.16      1.57         0      2.73       125       416      0.95     0.961     0.983     0.955      1.02     0.995         0
     42/99      6.1G      1.12      1.56         0      2.68       147       416     0.945     0.966     0.985     0.955     0.994         1         0
     43/99      6.1G       1.1      1.54         0      2.64       217       416     0.958     0.963     0.985      0.96      1.02      1.02         0
     44/99      6.1G      1.06      1.43         0      2.49       152       416     0.956      0.96     0.984     0.958      1.05     0.989         0
     45/99      6.1G      1.06      1.51         0      2.57       201       416     0.965     0.961     0.985     0.963     0.917     0.983         0
     46/99      6.1G      1.07       1.5         0      2.57       183       416     0.963     0.965     0.986     0.964     0.912      1.01         0
     47/99      6.1G      1.02      1.44         0      2.47       180       416     0.958     0.962     0.985      0.96     0.987     0.986         0
     48/99      6.1G      1.08      1.52         0       2.6       183       416     0.963     0.961     0.986     0.962     0.955     0.975         0
     49/99      6.1G      1.01      1.46         0      2.47       145       416      0.96     0.963     0.985     0.961     0.909     0.962         0
     50/99      6.1G      1.01      1.52         0      2.53       168       416     0.957     0.965     0.985     0.961     0.856     0.956         0
     51/99      6.1G         1      1.46         0      2.46       153       416      0.96     0.966      0.98     0.963     0.852     0.937         0
     52/99      6.1G     0.976      1.43         0       2.4       184       416     0.956     0.963     0.987      0.96     0.857     0.939         0
     53/99      6.1G     0.983      1.46         0      2.44       165       416     0.954     0.963     0.979     0.959       0.9     0.966         0
     54/99      6.1G     0.974      1.45         0      2.42       187       416     0.963     0.967     0.985     0.965     0.856     0.947         0
     55/99      6.1G     0.929      1.38         0      2.31       162       416     0.961     0.966     0.986     0.964      0.83     0.932         0
     56/99      6.1G     0.952      1.47         0      2.42       211       416     0.957     0.967     0.987     0.962     0.827     0.939         0
     57/99      6.1G     0.964      1.44         0      2.41       181       416     0.953     0.964     0.987     0.959     0.839     0.927         0
     58/99      6.1G     0.917      1.37         0      2.29       152       416     0.954     0.964     0.987     0.959     0.869     0.934         0
     59/99      6.1G      0.93      1.45         0      2.38       193       416     0.958     0.966     0.987     0.962     0.818     0.923         0
     60/99      6.1G     0.932      1.39         0      2.32       173       416     0.961     0.966     0.987     0.963     0.873     0.944         0
     61/99      6.1G     0.937      1.37         0      2.31       166       416     0.959     0.967     0.987     0.963      0.85     0.934         0
     62/99      6.1G     0.929      1.42         0      2.34       214       416     0.959     0.969     0.987     0.964     0.828     0.922         0
     63/99      6.1G     0.902      1.35         0      2.25       145       416     0.964     0.971     0.986     0.967     0.827     0.912         0
     64/99      6.1G     0.884      1.34         0      2.22       174       416     0.963     0.967     0.986     0.965     0.802     0.898         0
     65/99      6.1G      0.89      1.34         0      2.23       191       416     0.963     0.965     0.987     0.964     0.803      0.91         0
     66/99      6.1G     0.911      1.36         0      2.27       185       416     0.964     0.966     0.988     0.965     0.794     0.905         0
     67/99      6.1G     0.878      1.35         0      2.23       160       416     0.965     0.967     0.988     0.966     0.811     0.901         0
     68/99      6.1G     0.895      1.38         0      2.28       167       416     0.966     0.967     0.987     0.966      0.83     0.901         0
     69/99      6.1G     0.893      1.35         0      2.24       159       416     0.968     0.968     0.988     0.968     0.802     0.882         0
     70/99      6.1G     0.881      1.37         0      2.25       143       416     0.964     0.967     0.988     0.966     0.787     0.877         0
     71/99      6.1G     0.873      1.35         0      2.22       157       416     0.964     0.967     0.987     0.966     0.791     0.887         0
     72/99      6.1G     0.887      1.34         0      2.22       190       416     0.966     0.967     0.988     0.967     0.801     0.899         0
     73/99      6.1G     0.876      1.31         0      2.19       159       416     0.964     0.969     0.987     0.967     0.777      0.89         0
     74/99      6.1G      0.87      1.35         0      2.22       148       416     0.965     0.967     0.981     0.966     0.781     0.883         0
     75/99      6.1G     0.877      1.37         0      2.25       141       416     0.963     0.966     0.981     0.965     0.779     0.872         0
     76/99      6.1G     0.884      1.36         0      2.24       142       416     0.962     0.966     0.981     0.964     0.776     0.869         0
     77/99      6.1G     0.848      1.33         0      2.18       181       416     0.962     0.966     0.986     0.964     0.776     0.878         0
     78/99      6.1G     0.865      1.34         0       2.2       167       416     0.963     0.966     0.986     0.965     0.782     0.876         0
     79/99      6.1G     0.892      1.38         0      2.27       186       416     0.964     0.966     0.981     0.965     0.784      0.87         0
     80/99      6.1G     0.872      1.36         0      2.24       160       416     0.966     0.968     0.986     0.967     0.775     0.869         0
     81/99      6.1G     0.842      1.32         0      2.16       204       416     0.966     0.967     0.986     0.967     0.772     0.875         0
     82/99      6.1G     0.875      1.34         0      2.21       169       416     0.966     0.967     0.987     0.967     0.769     0.875         0
     83/99      6.1G     0.837      1.32         0      2.16       183       416     0.965     0.967     0.987     0.966     0.786     0.883         0
     84/99      6.1G     0.875      1.31         0      2.19       179       416     0.963     0.967     0.987     0.965      0.78     0.885         0
     85/99      6.1G     0.856      1.35         0      2.21       186       416     0.964     0.967     0.987     0.966     0.777      0.88         0
     86/99      6.1G     0.864      1.29         0      2.15       180       416     0.964     0.967     0.987     0.966     0.774     0.878         0
     87/99      6.1G     0.847       1.3         0      2.14       220       416     0.963     0.967     0.987     0.965      0.77     0.871         0
     88/99      6.1G     0.853      1.32         0      2.17       192       416     0.964     0.967     0.987     0.965     0.778     0.876         0
     89/99      6.1G     0.841      1.33         0      2.17       196       416     0.963     0.967     0.987     0.965     0.769     0.874         0
     90/99      6.1G     0.836       1.3         0      2.13       193       416     0.965     0.967     0.987     0.966     0.772     0.875         0
     91/99      6.1G     0.872      1.38         0      2.25       171       416     0.964     0.967     0.987     0.965      0.77     0.876         0
     92/99      6.1G     0.837       1.3         0      2.13       157       416     0.964     0.967     0.987     0.966     0.772     0.877         0
     93/99      6.1G      0.87      1.35         0      2.22       156       416     0.964     0.967     0.987     0.966     0.768     0.875         0
     94/99      6.1G     0.853      1.37         0      2.22       159       416     0.964     0.967     0.987     0.966     0.773     0.876         0
     95/99      6.1G     0.836      1.27         0      2.11       195       416     0.964     0.967     0.987     0.966     0.769     0.875         0
     96/99      6.1G     0.865      1.37         0      2.23       175       416     0.964     0.967     0.987     0.966     0.768     0.875         0
     97/99      6.1G     0.846      1.34         0      2.18       170       416     0.964     0.967     0.987     0.966     0.768     0.875         0
     98/99      6.1G     0.851      1.34         0      2.19       162       416     0.964     0.967     0.987     0.966     0.768     0.875         0
     99/99      6.1G     0.861      1.37         0      2.23       168       416     0.964     0.967     0.987     0.966     0.768     0.876         0
