      0/99     14.5G      5.25      20.7         0        26       404       416    0.0758     0.263    0.0401     0.118      5.46      7.09         0
      1/99     14.3G      6.36      12.9         0      19.3       328       416    0.0316   0.00322    0.0343   0.00585      5.78      12.1         0
      2/99     14.3G      5.72      11.5         0      17.2       353       416     0.044     0.157    0.0158    0.0688       5.3      7.66         0
      3/99     14.3G      4.38      4.79         0      9.17       352       416     0.658    0.0202     0.155    0.0392      3.46      3.68         0
      4/99     14.3G      3.74      4.37         0      8.11       296       416      0.43     0.209     0.171     0.281       3.4      3.47         0
      5/99     14.3G      3.57      4.21         0      7.79       339       416     0.339     0.291     0.194     0.313      3.15      3.65         0
      6/99     14.3G      3.43      4.19         0      7.62       285       416     0.448      0.39     0.294     0.417      2.94      3.37         0
      7/99     14.3G       3.3      4.09         0      7.39       372       416     0.419     0.422      0.28     0.421      2.97      3.23         0
      8/99     14.3G      3.24      4.16         0       7.4       416       416     0.198     0.333      0.14     0.248      3.29      3.04         0
      9/99     14.3G      3.37      3.66         0      7.02       321       416     0.363     0.436     0.279     0.396      3.27      2.62         0
     10/99     14.3G      3.92      2.94         0      6.87       297       416     0.385     0.413      0.29     0.398      3.83      2.36         0
     11/99     14.3G       3.7      3.09         0      6.79       356       416      0.49      0.51     0.442       0.5      3.34      2.45         0
     12/99     14.3G      3.22      3.18         0       6.4       339       416     0.541     0.578     0.541     0.559      3.13      2.38         0
     13/99     14.3G      3.01      3.27         0      6.28       301       416     0.642     0.585       0.6     0.612      2.77      2.42         0
     14/99     14.3G      2.75      3.19         0      5.94       257       416      0.67     0.598     0.643     0.632      2.68      2.28         0
     15/99     14.3G      2.89      2.97         0      5.86       323       416     0.562     0.646     0.644     0.601         3      2.09         0
     16/99     14.3G      3.01      2.76         0      5.77       290       416     0.504     0.676     0.578     0.577      3.07      2.07         0
     17/99     14.3G      2.86      2.86         0      5.71       330       416     0.488     0.732     0.621     0.586      2.71      2.16         0
     18/99     14.3G      2.72      2.77         0      5.49       301       416     0.488     0.765     0.684     0.596      2.55      2.03         0
     19/99     14.3G      2.65      2.74         0      5.39       352       416     0.451     0.786     0.678     0.573      2.81      2.02         0
     20/99     14.3G      2.82      2.67         0      5.49       360       416    0.0595     0.672     0.096     0.109      5.18      14.6         0
     21/99     14.3G      2.74      2.71         0      5.45       437       416    0.0648     0.731     0.151     0.119       4.8      12.7         0
     22/99     14.3G      2.66      2.58         0      5.24       339       416    0.0889      0.66     0.176     0.157       4.4      8.85         0
     23/99     14.3G       2.5      2.58         0      5.08       288       416    0.0902     0.762     0.229     0.161      4.18      8.29         0
     24/99     14.3G      2.48      2.51         0      4.99       252       416    0.0917     0.814     0.224     0.165      4.39      8.67         0
     25/99     14.3G      2.55      2.44         0      4.99       301       416     0.114     0.836     0.266     0.201      4.07      7.46         0
     26/99     14.3G      2.46      2.47         0      4.93       301       416     0.122     0.854     0.365     0.214      3.78      6.33         0
     27/99     14.3G       2.4      2.47         0      4.87       301       416     0.155     0.852     0.405     0.263       3.5      4.98         0
     28/99     14.3G      2.29      2.35         0      4.65       268       416      0.17     0.869     0.407     0.285      3.46      4.54         0
     29/99     14.3G      2.29      2.32         0      4.61       334       416     0.226     0.838     0.381     0.357      3.58      4.01         0
     30/99     14.3G      2.34      2.36         0      4.69       374       416     0.247     0.874     0.469     0.385      3.12      3.06         0
     31/99     14.3G      2.39      2.36         0      4.75       315       416     0.225      0.89      0.48     0.359         3      3.17         0
     32/99     14.3G       2.4       2.3         0      4.71       434       416     0.279     0.844     0.515     0.419      3.09      2.89         0
     33/99     14.3G      2.29      2.17         0      4.47       271       416     0.348     0.755     0.471     0.477      3.33       2.5         0
     34/99     14.3G       2.2      2.22         0      4.41       284       416     0.349     0.913     0.632     0.505      2.37      2.41         0
     35/99     14.3G      2.23       2.2         0      4.43       352       416     0.436      0.87     0.627     0.581      2.31      2.12         0
     36/99     14.3G      2.13       2.2         0      4.34       304       416     0.424     0.837     0.595     0.562      2.88      2.19         0
     37/99     14.3G      2.12      2.14         0      4.27       251       416     0.399     0.852     0.578     0.544      2.89      2.25         0
     38/99     14.3G      2.02      2.13         0      4.15       304       416     0.484     0.889     0.684     0.627      2.21      1.99         0
     39/99     14.3G      2.05      2.21         0      4.26       335       416     0.506     0.891     0.708     0.646      2.14      1.97         0
     40/99     14.3G      2.02      2.17         0      4.19       420       416     0.469     0.833     0.626       0.6      2.76      1.95         0
     41/99     14.3G      2.02      2.05         0      4.07       343       416     0.515     0.827     0.644     0.635      2.59      1.86         0
     42/99     14.3G      2.01      2.14         0      4.15       306       416     0.552     0.903     0.753     0.685      2.01       1.8         0
     43/99     14.3G      1.94      2.07         0      4.01       301       416      0.62     0.886     0.784      0.73      1.95      1.72         0
     44/99     14.3G      1.91      2.08         0      3.99       292       416     0.573     0.857     0.693     0.687       2.4      1.74         0
     45/99     14.3G      1.89      1.96         0      3.85       269       416     0.593     0.828     0.703     0.691      2.42      1.71         0
     46/99     14.3G      1.96      2.01         0      3.96       295       416     0.665     0.906      0.84     0.767      1.85      1.62         0
     47/99     14.3G      1.88      2.01         0      3.89       278       416     0.703     0.891     0.839     0.786      1.85       1.6         0
     48/99     14.3G      1.83      2.07         0      3.91       338       416     0.645     0.808     0.727     0.717      2.38      1.68         0
     49/99     14.3G      1.83      1.97         0       3.8       264       416     0.674     0.838      0.78     0.747      2.23      1.65         0
     50/99     14.3G      1.79      2.04         0      3.83       359       416     0.771     0.878     0.891     0.821      1.69      1.58         0
     51/99     14.3G      1.73      1.96         0      3.69       315       416     0.766     0.885     0.893     0.821      1.69      1.56         0
     52/99     14.3G      1.81      2.05         0      3.86       371       416      0.72     0.827     0.812      0.77      2.17      1.61         0
     53/99     14.3G      1.78      2.02         0      3.81       299       416     0.745     0.821      0.81     0.781      2.24      1.61         0
     54/99     14.3G      1.74      1.98         0      3.71       291       416     0.775     0.902     0.913     0.834       1.6      1.49         0
     55/99     14.3G      1.68      2.03         0      3.71       324       416     0.789     0.892     0.916     0.837      1.59      1.51         0
     56/99     14.3G      1.65      1.97         0      3.61       313       416     0.786     0.865     0.876     0.823      1.93      1.53         0
     57/99     14.3G       1.6      1.95         0      3.55       320       416     0.788     0.851     0.876     0.818      1.95      1.54         0
     58/99     14.3G      1.56      1.98         0      3.54       339       416     0.833      0.89     0.926     0.861      1.52      1.47         0
     59/99     14.3G      1.56      2.01         0      3.57       385       416     0.846     0.897      0.93     0.871      1.51      1.47         0
     60/99     14.3G      1.52      1.88         0       3.4       271       416     0.837     0.853     0.894     0.845      1.91      1.54         0
     61/99     14.3G      1.49      1.85         0      3.34       324       416     0.849      0.88     0.921     0.864      1.66      1.49         0
     62/99     14.3G      1.52      1.93         0      3.45       302       416     0.858      0.89     0.932     0.874      1.46      1.45         0
     63/99     14.3G       1.5      1.95         0      3.45       354       416     0.868     0.894     0.935     0.881      1.44      1.44         0
     64/99     14.3G      1.43      1.91         0      3.35       252       416     0.873     0.892     0.931     0.883      1.59      1.46         0
     65/99     14.3G       1.4      1.83         0      3.22       279       416     0.882     0.891     0.934     0.887       1.5      1.44         0
     66/99     14.3G      1.39      1.87         0      3.26       328       416     0.877     0.893     0.933     0.885      1.52      1.41         0
     67/99     14.3G      1.41      1.93         0      3.34       337       416     0.883     0.902     0.941     0.892      1.48      1.39         0
     68/99     14.3G      1.37      1.84         0      3.21       319       416     0.896     0.899     0.942     0.897      1.38       1.4         0
     69/99     14.3G      1.39      1.88         0      3.27       346       416     0.896     0.897     0.942     0.896      1.37       1.4         0
     70/99     14.3G      1.36      1.81         0      3.16       276       416     0.895       0.9     0.943     0.897      1.42       1.4         0
     71/99     14.3G      1.35      1.86         0      3.21       320       416      0.89     0.905     0.944     0.898      1.36      1.38         0
     72/99     14.3G      1.32       1.8         0      3.12       297       416     0.892     0.902     0.945     0.897      1.36      1.37         0
     73/99     14.3G       1.3      1.78         0      3.08       293       416     0.875     0.899     0.939     0.887       1.4      1.39         0
     74/99     14.3G      1.33       1.9         0      3.23       356       416     0.884     0.898     0.942     0.891      1.34      1.38         0
     75/99     14.3G       1.3      1.88         0      3.18       249       416     0.882     0.904     0.943     0.893      1.34      1.37         0
     76/99     14.3G      1.31      1.82         0      3.12       365       416     0.897       0.9     0.944     0.899      1.33      1.38         0
     77/99     14.3G      1.32      1.83         0      3.15       380       416     0.896     0.901     0.944     0.898      1.32      1.37         0
     78/99     14.3G      1.26      1.75         0         3       322       416     0.896     0.901     0.944     0.899      1.32      1.36         0
     79/99     14.3G      1.33      1.88         0       3.2       329       416     0.887     0.904     0.944     0.895       1.3      1.35         0
     80/99     14.3G      1.29      1.84         0      3.14       358       416     0.891     0.905     0.945     0.898      1.29      1.34         0
     81/99     14.3G      1.27      1.79         0      3.07       287       416     0.897     0.905     0.946     0.901      1.27      1.34         0
     82/99     14.3G      1.27       1.8         0      3.07       274       416     0.895     0.903     0.946     0.899      1.28      1.35         0
     83/99     14.3G      1.27      1.84         0      3.12       324       416     0.893     0.905     0.946     0.899      1.27      1.33         0
     84/99     14.3G      1.26      1.79         0      3.04       325       416     0.887      0.91     0.946     0.898      1.26      1.32         0
     85/99     14.3G      1.32      1.88         0       3.2       395       416     0.883     0.911     0.946     0.897      1.25      1.32         0
     86/99     14.3G      1.27      1.76         0      3.03       291       416     0.883     0.912     0.947     0.898      1.24      1.31         0
     87/99     14.3G      1.28      1.78         0      3.06       325       416     0.884     0.912     0.947     0.898      1.24      1.31         0
     88/99     14.3G      1.28      1.82         0       3.1       400       416      0.89     0.911     0.948     0.901      1.23      1.31         0
     89/99     14.3G      1.29      1.84         0      3.13       309       416      0.89     0.912     0.949     0.901      1.21       1.3         0
     90/99     14.3G      1.27      1.82         0      3.09       302       416     0.889     0.914     0.949     0.901      1.21       1.3         0
     91/99     14.3G      1.28      1.83         0      3.12       334       416     0.889     0.916     0.949     0.902      1.21       1.3         0
     92/99     14.3G      1.24      1.81         0      3.05       347       416     0.886     0.916     0.949     0.901      1.21      1.29         0
     93/99     14.3G      1.26      1.79         0      3.05       367       416     0.884     0.917     0.949       0.9       1.2      1.29         0
     94/99     14.3G       1.3      1.83         0      3.14       295       416     0.882     0.916     0.949     0.899       1.2      1.29         0
     95/99     14.3G      1.28       1.8         0      3.08       348       416     0.881     0.917      0.95     0.899      1.19      1.28         0
     96/99     14.3G      1.27      1.83         0       3.1       283       416      0.88     0.918      0.95     0.898      1.19      1.28         0
     97/99     14.3G      1.23      1.75         0      2.99       287       416      0.88     0.918      0.95     0.899      1.19      1.28         0
     98/99     14.3G      1.27      1.82         0      3.09       346       416      0.88     0.919      0.95     0.899      1.18      1.28         0
     99/99     14.3G      1.29      1.84         0      3.13       336       416     0.878     0.919     0.953     0.898      1.18      1.27         0
