      0/99     7.31G      5.26      10.7         0      15.9       326       416    0.0153     0.017   0.00632    0.0161      4.57      5.22         0
      1/99     5.15G      4.77       6.3         0      11.1       287       416     0.216     0.386     0.125     0.277      4.58      4.54         0
      2/99     5.15G      4.25      5.81         0      10.1       283       416     0.263     0.595     0.232     0.365      3.47      4.17         0
      3/99     5.15G      3.26      3.65         0      6.91       307       416     0.509     0.584     0.454     0.544      2.69      3.04         0
      4/99     5.15G      2.72      3.45         0      6.16       294       416      0.61     0.678     0.573     0.643      2.58      2.83         0
      5/99     5.15G      2.52      3.19         0      5.71       292       416     0.747     0.708     0.699     0.727       2.3      2.57         0
      6/99     5.15G      2.66       2.9         0      5.56       311       416     0.692     0.713     0.708     0.702      3.06       2.3         0
      7/99     5.15G      2.85      2.67         0      5.52       308       416      0.78     0.755     0.775     0.768      2.72       2.1         0
      8/99     5.15G      2.53      2.75         0      5.27       294       416     0.596     0.794     0.669     0.681      2.94      1.91         0
      9/99     5.15G      2.54      2.43         0      4.96       361       416     0.722     0.821     0.823     0.768      2.37      1.92         0
     10/99     5.15G      2.29      2.37         0      4.66       344       416     0.234     0.898     0.492     0.371      3.58      3.21         0
     11/99     5.15G      2.22       2.4         0      4.62       296       416     0.214     0.927     0.507     0.348      3.02      3.24         0
     12/99     5.15G      2.13      2.28         0      4.41       337       416     0.279     0.924      0.52     0.429      2.78      2.86         0
     13/99     5.15G      2.04      2.34         0      4.39       333       416     0.277     0.924     0.545     0.427      2.57      2.72         0
     14/99     5.15G      1.91      2.19         0       4.1       325       416     0.303      0.94     0.589     0.459      2.52      2.52         0
     15/99     5.15G       1.9      2.19         0      4.09       299       416     0.361     0.948     0.649     0.523       2.2      2.26         0
     16/99     5.15G      1.87      2.08         0      3.94       292       416     0.398     0.941     0.721     0.559      2.29      2.01         0
     17/99     5.15G      1.95      2.13         0      4.08       334       416     0.519     0.941     0.778     0.669      2.01      1.79         0
     18/99     5.15G      1.89      2.06         0      3.95       396       416     0.429     0.931     0.747     0.588      2.32      1.78         0
     19/99     5.15G      1.86      1.97         0      3.82       268       416     0.431     0.936     0.734      0.59      2.25      1.76         0
     20/99     5.15G      1.79      1.93         0      3.72       337       416     0.588     0.944     0.854     0.725      1.89      1.65         0
     21/99     5.15G      1.83      1.88         0      3.72       282       416     0.533     0.947     0.848     0.682      1.93      1.63         0
     22/99     5.15G      1.71       1.9         0      3.61       380       416     0.697     0.945     0.914     0.803      1.63      1.54         0
     23/99     5.15G      1.67      1.84         0      3.51       324       416     0.733     0.941     0.908     0.824      1.72      1.52         0
     24/99     5.15G      1.63      1.85         0      3.48       303       416     0.675     0.952     0.894      0.79      1.72      1.44         0
     25/99     5.15G      1.63      1.82         0      3.44       267       416     0.753     0.952      0.92     0.841      1.56      1.44         0
     26/99     5.15G       1.6      1.86         0      3.45       352       416     0.764     0.944     0.925     0.844      1.65      1.38         0
     27/99     5.15G      1.57      1.85         0      3.42       272       416     0.755     0.946     0.927      0.84      1.65      1.39         0
     28/99     5.15G      1.59      1.78         0      3.36       306       416     0.819     0.936     0.941     0.874      1.52       1.4         0
     29/99     5.15G      1.51      1.78         0      3.29       345       416     0.764     0.946     0.931     0.845      1.54      1.36         0
     30/99     5.15G       1.5      1.81         0      3.31       443       416     0.807     0.951     0.947     0.873      1.38      1.37         0
     31/99     5.15G      1.51       1.8         0      3.32       305       416     0.836     0.949     0.952     0.889      1.38      1.36         0
     32/99     5.15G      1.42       1.7         0      3.12       294       416     0.801     0.954     0.949     0.871      1.36      1.34         0
     33/99     5.15G      1.42       1.7         0      3.12       328       416     0.859     0.951     0.963     0.903       1.3      1.32         0
     34/99     5.15G       1.4      1.77         0      3.17       329       416     0.799     0.949     0.938     0.868       1.4       1.3         0
     35/99     5.15G      1.38      1.72         0       3.1       261       416     0.823      0.95     0.947     0.882       1.4      1.29         0
     36/99     5.15G      1.45      1.73         0      3.18       366       416     0.904     0.946     0.968     0.924      1.31      1.32         0
     37/99     5.15G      1.34      1.68         0      3.02       257       416     0.867     0.955     0.967     0.909      1.39       1.3         0
     38/99     5.15G      1.27      1.66         0      2.94       270       416     0.906     0.947     0.967     0.926      1.29      1.36         0
     39/99     5.15G       1.3      1.71         0      3.01       361       416     0.908      0.95     0.969     0.928      1.23      1.31         0
     40/99     5.15G      1.34      1.71         0      3.05       390       416     0.891     0.952     0.968     0.921      1.28      1.28         0
     41/99     5.15G      1.28      1.62         0      2.91       353       416     0.923     0.942     0.969     0.933      1.33      1.35         0
     42/99     5.15G      1.29      1.66         0      2.95       328       416      0.91     0.952     0.973     0.931       1.1      1.28         0
     43/99     5.15G      1.26      1.59         0      2.85       254       416     0.906     0.953     0.975     0.929      1.22      1.24         0
     44/99     5.15G      1.28      1.62         0       2.9       306       416     0.919     0.949     0.975     0.934      1.14      1.29         0
     45/99     5.15G      1.22      1.55         0      2.77       280       416     0.907     0.953     0.975     0.929      1.09       1.2         0
     46/99     5.15G      1.16      1.55         0      2.72       305       416     0.912     0.952     0.977     0.932       1.1      1.21         0
     47/99     5.15G      1.18      1.56         0      2.74       370       416     0.913     0.952     0.975     0.932      1.14      1.24         0
     48/99     5.15G      1.18      1.59         0      2.77       296       416     0.899     0.955     0.971     0.926       1.2       1.2         0
     49/99     5.15G      1.11      1.56         0      2.67       317       416     0.913     0.953     0.977     0.932     0.992      1.19         0
     50/99     5.15G      1.12      1.55         0      2.67       298       416     0.907     0.959     0.977     0.932      1.09       1.2         0
     51/99     5.15G      1.07      1.51         0      2.59       341       416      0.91     0.959     0.978     0.934         1      1.18         0
     52/99     5.15G       1.1      1.52         0      2.62       322       416     0.923     0.954     0.979     0.938      0.97      1.18         0
     53/99     5.15G      1.07      1.55         0      2.62       277       416     0.915     0.952     0.979     0.933      1.02      1.17         0
     54/99     5.15G      1.06       1.5         0      2.57       304       416     0.927     0.949     0.979     0.938     0.936      1.16         0
     55/99     5.15G      1.04      1.53         0      2.57       299       416     0.929     0.953      0.98     0.941     0.923      1.17         0
     56/99     5.15G      1.07      1.52         0      2.59       328       416     0.927     0.952      0.98     0.939     0.952      1.16         0
     57/99     5.15G      1.03      1.48         0       2.5       295       416     0.932     0.952      0.98     0.942     0.947      1.14         0
     58/99     5.15G         1      1.49         0      2.49       303       416     0.931      0.95     0.981      0.94      0.94      1.14         0
     59/99     5.15G      1.05      1.56         0      2.62       340       416     0.928     0.951     0.981     0.939     0.886      1.14         0
     60/99     5.15G     0.948      1.44         0      2.39       271       416     0.935     0.948     0.981     0.942     0.904      1.15         0
     61/99     5.15G     0.977      1.46         0      2.44       425       416     0.932      0.95     0.981     0.941     0.889      1.13         0
     62/99     5.15G      0.97       1.5         0      2.47       307       416     0.935     0.953     0.982     0.944     0.878      1.12         0
     63/99     5.15G     0.978       1.5         0      2.48       298       416     0.932     0.952     0.982     0.942      0.87      1.12         0
     64/99     5.15G     0.963      1.46         0      2.42       264       416     0.934      0.95     0.982     0.942     0.876      1.09         0
     65/99     5.15G     0.954      1.41         0      2.36       291       416     0.939      0.95     0.983     0.944     0.856      1.09         0
     66/99     5.15G     0.961      1.43         0      2.39       315       416     0.941      0.95     0.983     0.946     0.872      1.09         0
     67/99     5.15G     0.956      1.46         0      2.41       348       416     0.936     0.954     0.982     0.944     0.855      1.09         0
     68/99     5.15G     0.934      1.41         0      2.34       282       416      0.94     0.951     0.983     0.946     0.844      1.08         0
     69/99     5.15G     0.952      1.48         0      2.43       250       416     0.937     0.956     0.983     0.946     0.849      1.09         0
     70/99     5.15G      0.94      1.39         0      2.33       277       416     0.937     0.953     0.983     0.945     0.848      1.08         0
     71/99     5.15G     0.945      1.42         0      2.37       336       416     0.937     0.954     0.983     0.946     0.838      1.07         0
     72/99     5.15G     0.922      1.35         0      2.28       359       416      0.94     0.952     0.983     0.946     0.836      1.08         0
     73/99     5.15G     0.924      1.38         0       2.3       373       416     0.942     0.952     0.984     0.947     0.831      1.07         0
     74/99     5.15G     0.935      1.45         0      2.38       373       416     0.938     0.956     0.983     0.947     0.841      1.06         0
     75/99     5.15G     0.914      1.44         0      2.35       323       416     0.936     0.957     0.983     0.946      0.82      1.05         0
     76/99     5.15G     0.931      1.36         0      2.29       295       416      0.94     0.956     0.983     0.948     0.824      1.05         0
     77/99     5.15G     0.907      1.37         0      2.28       284       416     0.941     0.956     0.984     0.948     0.831      1.04         0
     78/99     5.15G     0.893      1.34         0      2.23       356       416     0.943     0.956     0.984     0.949     0.828      1.05         0
     79/99     5.15G     0.931      1.42         0      2.36       326       416      0.94     0.956     0.984     0.948     0.821      1.03         0
     80/99     5.15G     0.928       1.4         0      2.32       298       416     0.939     0.956     0.984     0.947     0.816      1.03         0
     81/99     5.15G     0.889      1.42         0       2.3       354       416     0.938     0.956     0.984     0.947     0.814      1.03         0
     82/99     5.15G     0.886      1.41         0       2.3       363       416     0.937     0.957     0.984     0.947      0.81      1.03         0
     83/99     5.15G     0.893      1.38         0      2.28       325       416     0.936     0.958     0.984     0.947      0.81      1.03         0
     84/99     5.15G     0.893      1.39         0      2.28       286       416     0.936     0.958     0.984     0.947     0.811      1.03         0
     85/99     5.15G     0.917      1.42         0      2.34       279       416     0.935     0.959     0.984     0.947      0.81      1.02         0
     86/99     5.15G     0.885      1.35         0      2.23       268       416     0.936     0.959     0.984     0.947     0.804      1.01         0
     87/99     5.15G     0.908      1.36         0      2.27       270       416     0.936     0.958     0.984     0.947     0.801      1.01         0
     88/99     5.15G      0.92      1.37         0      2.29       293       416     0.936     0.959     0.984     0.947     0.801      1.01         0
     89/99     5.15G     0.915      1.41         0      2.32       367       416     0.935     0.961     0.984     0.947       0.8      1.01         0
     90/99     5.15G     0.905      1.37         0      2.28       297       416     0.933     0.961     0.984     0.947     0.797         1         0
     91/99     5.15G     0.906      1.41         0      2.31       270       416     0.932     0.961     0.984     0.947     0.796         1         0
     92/99     5.15G     0.879      1.41         0      2.29       364       416     0.932     0.962     0.984     0.946     0.795     0.996         0
     93/99     5.15G     0.904      1.39         0      2.29       335       416      0.93     0.961     0.984     0.946     0.798     0.994         0
     94/99     5.15G     0.919      1.41         0      2.33       292       416      0.93     0.961     0.984     0.946     0.796     0.992         0
     95/99     5.15G     0.891      1.36         0      2.25       289       416      0.93     0.961     0.984     0.945     0.793      0.99         0
     96/99     5.15G     0.889       1.4         0      2.28       331       416      0.93     0.962     0.984     0.946     0.793     0.989         0
     97/99     5.15G     0.871      1.35         0      2.23       282       416      0.93     0.962     0.984     0.946     0.792     0.988         0
     98/99     5.15G      0.89      1.39         0      2.28       290       416     0.928     0.962     0.984     0.945     0.792     0.988         0
     99/99     5.15G     0.901      1.42         0      2.32       286       416     0.928     0.963     0.984     0.945     0.791     0.987         0
