      0/99     1.91G      4.42      8.26         0      12.7        68       416     0.314     0.556     0.277     0.401      3.47      4.63         0
      1/99     4.09G      3.41      5.06         0      8.47        57       416     0.475     0.735     0.531     0.577      2.63      3.63         0
      2/99     4.09G      2.81      4.04         0      6.85        64       416     0.519     0.748     0.545     0.612      2.54      2.89         0
      3/99     4.09G      2.26      2.83         0      5.09        92       416     0.279     0.748     0.456     0.407       3.1      2.52         0
      4/99     4.09G      2.18      2.47         0      4.64        91       416     0.196     0.865      0.47     0.319      3.08      3.41         0
      5/99     4.09G      2.11      2.41         0      4.53        82       416     0.404     0.901     0.723     0.558       2.3      2.13         0
      6/99     4.09G      1.93       2.2         0      4.13        66       416     0.388     0.918     0.692     0.546      2.61      2.21         0
      7/99     4.09G      1.79      2.22         0      4.01        65       416     0.602      0.94     0.879     0.734      1.88      1.87         0
      8/99     4.09G      1.79      2.16         0      3.95        60       416     0.727     0.938     0.907     0.819      1.67      1.69         0
      9/99     4.09G      1.71      2.04         0      3.75        95       416     0.735     0.946     0.927     0.827      1.54      1.64         0
     10/99     4.09G      1.66      2.05         0      3.71        74       416     0.766     0.946      0.93     0.846      1.78      1.63         0
     11/99     4.09G      1.65      1.93         0      3.58       111       416     0.883      0.94     0.947      0.91      1.44      1.53         0
     12/99     4.09G      1.62       1.9         0      3.52        82       416     0.873     0.938     0.952     0.904      1.68      1.54         0
     13/99     4.09G      1.57      1.89         0      3.46        72       416     0.891     0.941     0.962     0.915      1.38      1.49         0
     14/99     4.09G      1.54      1.87         0      3.41        39       416     0.915     0.947     0.961     0.931      1.42      1.48         0
     15/99     4.09G      1.52      1.79         0      3.31        78       416     0.858     0.952      0.95     0.902      1.58      1.45         0
     16/99     4.09G      1.45      1.81         0      3.26        63       416      0.87      0.96     0.957     0.913      1.52      1.47         0
     17/99     4.09G      1.43      1.74         0      3.17        49       416     0.925     0.952     0.966     0.938      1.15      1.43         0
     18/99     4.09G      1.35       1.8         0      3.16        88       416     0.925      0.96      0.97     0.942      1.37      1.43         0
     19/99     4.09G      1.37      1.69         0      3.06        96       416     0.885      0.95     0.948     0.917      1.22      1.39         0
     20/99     4.09G      1.35      1.79         0      3.14        70       416     0.922     0.952      0.97     0.937      1.12      1.34         0
     21/99     4.09G      1.29      1.76         0      3.04        46       416     0.938     0.955     0.973     0.946      1.25      1.35         0
     22/99     4.09G      1.28      1.75         0      3.03       120       416     0.939     0.957     0.971     0.948      1.05      1.34         0
     23/99     4.09G      1.23      1.64         0      2.88        82       416     0.942     0.952     0.974     0.947       1.1      1.32         0
     24/99     4.09G      1.22      1.68         0       2.9        72       416     0.948     0.957     0.974     0.952      1.06       1.4         0
     25/99     4.09G      1.17      1.64         0      2.81        50       416     0.938     0.961     0.977      0.95     0.972      1.28         0
     26/99     4.09G      1.17      1.57         0      2.75        66       416      0.92     0.964     0.977     0.942     0.994       1.3         0
     27/99     4.09G      1.19      1.66         0      2.86        94       416      0.95     0.955     0.975     0.953      1.04      1.37         0
     28/99     4.09G      1.15      1.56         0      2.71        67       416     0.933      0.96     0.972     0.946      1.15      1.36         0
     29/99     4.09G      1.11      1.61         0      2.73        63       416     0.937     0.961     0.975     0.949      1.02      1.29         0
     30/99     4.09G      1.08      1.53         0      2.61        50       416     0.942     0.964     0.973     0.953     0.931      1.29         0
     31/99     4.09G      1.09      1.55         0      2.64       100       416     0.948     0.961     0.976     0.955      1.03      1.28         0
     32/99     4.09G      1.12      1.59         0      2.71        73       416     0.955     0.961     0.977     0.958     0.949      1.29         0
     33/99     4.09G      1.08      1.47         0      2.55        95       416     0.963     0.963     0.979     0.963      1.01      1.29         0
     34/99     4.09G      1.07      1.53         0       2.6        53       416     0.948     0.964     0.978     0.956     0.863      1.21         0
     35/99     4.09G      1.05      1.58         0      2.62       102       416     0.956     0.961     0.983     0.959      0.86      1.22         0
     36/99     4.09G      1.07      1.51         0      2.57        94       416      0.95     0.963     0.983     0.957     0.954      1.21         0
     37/99     4.09G      1.06      1.57         0      2.63        80       416     0.954     0.967     0.982     0.961     0.859      1.22         0
     38/99     4.09G      1.03       1.5         0      2.53        68       416     0.945     0.966     0.978     0.956      0.92      1.28         0
     39/99     4.09G      1.05      1.58         0      2.62       100       416     0.948     0.963     0.979     0.956     0.899      1.21         0
     40/99     4.09G      1.01      1.48         0      2.49        60       416     0.961     0.969     0.985     0.965     0.869      1.21         0
     41/99     4.09G     0.979      1.49         0      2.47        75       416     0.952     0.969     0.979     0.961     0.858      1.19         0
     42/99     4.09G     0.977      1.51         0      2.49        88       416     0.956     0.971     0.984     0.963     0.828      1.22         0
     43/99     4.09G      0.97      1.49         0      2.46        78       416      0.96     0.969     0.983     0.965     0.808       1.2         0
     44/99     4.09G     0.956      1.38         0      2.33        68       416     0.964     0.969     0.978     0.966     0.893      1.21         0
     45/99     4.09G     0.966      1.42         0      2.39       108       416     0.967     0.966     0.985     0.966     0.798      1.18         0
     46/99     4.09G     0.944      1.45         0      2.39        67       416     0.955     0.971     0.986     0.963     0.857      1.19         0
     47/99     4.09G     0.912      1.35         0      2.26        54       416     0.959     0.969     0.986     0.964     0.874      1.18         0
     48/99     4.09G      0.95      1.46         0      2.41        86       416     0.957     0.967      0.98     0.962     0.801      1.16         0
     49/99     4.09G     0.922       1.4         0      2.33        50       416      0.96     0.967      0.98     0.964      0.78      1.15         0
     50/99     4.09G     0.907      1.43         0      2.34        64       416     0.962     0.966     0.979     0.964     0.821       1.2         0
     51/99     4.09G     0.905      1.42         0      2.32        43       416     0.963      0.97     0.979     0.967     0.777      1.14         0
     52/99     4.09G     0.878      1.35         0      2.23        84       416     0.962     0.967      0.98     0.965     0.764      1.15         0
     53/99     4.09G     0.903      1.43         0      2.33        69       416     0.954     0.969     0.979     0.962     0.779      1.17         0
     54/99     4.09G     0.906      1.41         0      2.32        55       416     0.949     0.966      0.98     0.958     0.772      1.15         0
     55/99     4.09G     0.872      1.39         0      2.26        88       416     0.956     0.964      0.98      0.96      0.75      1.16         0
     56/99     4.09G     0.894      1.42         0      2.31        72       416     0.963     0.967     0.978     0.965      0.78      1.16         0
     57/99     4.09G      0.91       1.4         0      2.31        72       416     0.962     0.964     0.978     0.963     0.746      1.12         0
     58/99     4.09G     0.857      1.32         0      2.18        43       416     0.962     0.966      0.98     0.964     0.761      1.13         0
     59/99     4.09G     0.875      1.44         0      2.32        69       416     0.961     0.966     0.979     0.964     0.791      1.12         0
     60/99     4.09G      0.86      1.38         0      2.24       111       416     0.962     0.966      0.98     0.964     0.777      1.14         0
     61/99     4.09G     0.871      1.33         0       2.2        43       416     0.964     0.963     0.979     0.964     0.769      1.13         0
     62/99     4.09G     0.878      1.39         0      2.27        77       416     0.964     0.965     0.979     0.965     0.745      1.12         0
     63/99     4.09G     0.842       1.3         0      2.14        59       416     0.964     0.967     0.981     0.966     0.745      1.12         0
     64/99     4.09G     0.834      1.28         0      2.11        55       416     0.964     0.966      0.98     0.965     0.761      1.12         0
     65/99     4.09G     0.841      1.29         0      2.14        87       416     0.966     0.966     0.979     0.966     0.751      1.11         0
     66/99     4.09G     0.864      1.36         0      2.22        62       416     0.963     0.963      0.98     0.963     0.729       1.1         0
     67/99     4.09G     0.826      1.32         0      2.15        80       416     0.967     0.961     0.979     0.964     0.743      1.09         0
     68/99     4.09G     0.846      1.39         0      2.23        70       416     0.969     0.963     0.979     0.966     0.735      1.09         0
     69/99     4.09G     0.838      1.31         0      2.15        49       416     0.966     0.961     0.979     0.964     0.724      1.09         0
     70/99     4.09G      0.83      1.37         0       2.2        71       416     0.964     0.966      0.98     0.965     0.722       1.1         0
     71/99     4.09G     0.821      1.31         0      2.13        88       416     0.964     0.964      0.98     0.964     0.739      1.09         0
     72/99     4.09G     0.823      1.31         0      2.14        85       416     0.967     0.966      0.98     0.966     0.738       1.1         0
     73/99     4.09G     0.834      1.29         0      2.13        54       416     0.966     0.965     0.979     0.965     0.715      1.07         0
     74/99     4.09G      0.82      1.32         0      2.14       113       416     0.966     0.965     0.981     0.966     0.705      1.07         0
     75/99     4.09G     0.832      1.32         0      2.15        93       416     0.967     0.966      0.98     0.967     0.726      1.08         0
     76/99     4.09G     0.837      1.33         0      2.17        85       416     0.966     0.966     0.981     0.966     0.721      1.07         0
     77/99     4.09G     0.797      1.28         0      2.08        79       416     0.966     0.966     0.981     0.966     0.711      1.08         0
     78/99     4.09G      0.81      1.29         0       2.1        60       416     0.966     0.965      0.98     0.965      0.73      1.07         0
     79/99     4.09G      0.83      1.32         0      2.15        47       416     0.964     0.964      0.98     0.964     0.712      1.08         0
     80/99     4.09G     0.829      1.32         0      2.15        86       416     0.964     0.964     0.986     0.964     0.709      1.07         0
     81/99     4.09G     0.785      1.28         0      2.06        65       416     0.965     0.964      0.98     0.965     0.712      1.08         0
     82/99     4.09G     0.809      1.31         0      2.12        38       416     0.965     0.964      0.98     0.965     0.705      1.07         0
     83/99     4.09G      0.79      1.31         0       2.1        54       416     0.965     0.964      0.98     0.965     0.731      1.09         0
     84/99     4.09G     0.813      1.29         0       2.1        64       416     0.966     0.966      0.98     0.966     0.712      1.08         0
     85/99     4.09G     0.811      1.32         0      2.13        96       416     0.966     0.966     0.979     0.966     0.708      1.07         0
     86/99     4.09G       0.8      1.27         0      2.07        71       416     0.964     0.966     0.979     0.965     0.715      1.07         0
     87/99     4.09G     0.789      1.27         0      2.06       108       416     0.966     0.966     0.979     0.966     0.714      1.07         0
     88/99     4.09G     0.807      1.28         0      2.08        62       416     0.966     0.966     0.979     0.966     0.715      1.07         0
     89/99     4.09G     0.788       1.3         0      2.09        58       416     0.966     0.966     0.979     0.966     0.702      1.07         0
     90/99     4.09G     0.791      1.24         0      2.03        44       416     0.966     0.965     0.979     0.965     0.708      1.07         0
     91/99     4.09G      0.81      1.32         0      2.13        54       416     0.966     0.965      0.98     0.966     0.705      1.07         0
     92/99     4.09G     0.774      1.23         0      2.01        32       416     0.966     0.966      0.98     0.966     0.712      1.07         0
     93/99     4.09G     0.813      1.33         0      2.14        75       416     0.966     0.966      0.98     0.966     0.707      1.07         0
     94/99     4.09G     0.792      1.33         0      2.12        79       416     0.966     0.966      0.98     0.966     0.707      1.07         0
     95/99     4.09G     0.778      1.22         0         2        55       416     0.966     0.966      0.98     0.966     0.709      1.07         0
     96/99     4.09G     0.821      1.35         0      2.17        45       416     0.966     0.966      0.98     0.966     0.706      1.07         0
     97/99     4.09G     0.809      1.34         0      2.15       112       416     0.966     0.966      0.98     0.966     0.707      1.07         0
     98/99     4.09G     0.815      1.34         0      2.15       114       416     0.966     0.965      0.98     0.966     0.708      1.07         0
     99/99     4.09G     0.811      1.34         0      2.15        71       416     0.966     0.965     0.985     0.966     0.709      1.07         0
