      0/99      3.7G      4.73      10.2         0      14.9       127       416     0.278     0.529     0.237     0.364      3.57      4.85         0
      1/99       10G      3.65      6.16         0      9.81       131       416     0.322      0.65      0.34     0.431      3.19      4.29         0
      2/99       10G      3.25      4.82         0      8.08       120       416     0.362     0.711     0.444      0.48      3.61      3.26         0
      3/99       10G      2.69      2.87         0      5.55       128       416     0.731     0.749      0.76      0.74      3.09      2.15         0
      4/99       10G      2.68      2.58         0      5.26        99       416     0.821     0.784      0.83     0.802      2.58      2.06         0
      5/99       10G      2.49      2.44         0      4.93       106       416     0.354     0.797      0.47     0.491      3.37      2.71         0
      6/99       10G      2.39      2.39         0      4.79       105       416     0.308     0.876     0.623     0.456       2.9      2.87         0
      7/99       10G       2.2      2.31         0      4.51       119       416     0.386      0.89     0.684     0.538      2.59      2.19         0
      8/99       10G      2.05      2.36         0      4.41       159       416     0.396     0.921     0.725     0.554      2.39      2.07         0
      9/99       10G      1.91      2.13         0      4.04       118       416     0.497     0.934     0.869     0.649      2.04      1.88         0
     10/99       10G      1.92         2         0      3.93       108       416     0.448     0.935     0.801     0.606      1.95      1.71         0
     11/99       10G      1.82         2         0      3.81       157       416     0.629     0.927     0.893      0.75      1.85      1.61         0
     12/99       10G      1.78       1.9         0      3.68       154       416     0.586     0.935     0.872      0.72      2.03      1.68         0
     13/99       10G      1.75         2         0      3.75        99       416     0.627     0.945     0.908     0.754      1.67      1.51         0
     14/99       10G      1.74      1.84         0      3.58       104       416     0.729     0.938     0.928      0.82      1.77      1.44         0
     15/99       10G      1.71      1.89         0       3.6       111       416     0.824     0.934      0.95     0.875       1.7      1.43         0
     16/99       10G      1.69      1.85         0      3.54       109       416     0.847     0.934     0.949     0.888      1.52      1.41         0
     17/99       10G      1.64      1.86         0       3.5       119       416     0.823     0.939      0.95     0.877      1.75      1.39         0
     18/99       10G       1.6      1.88         0      3.48       108       416     0.835     0.944     0.957     0.886       1.5      1.33         0
     19/99       10G      1.49      1.78         0      3.27       102       416     0.865     0.937     0.959     0.899      1.39      1.33         0
     20/99       10G       1.5      1.79         0      3.29       117       416     0.856      0.94     0.958     0.896      1.47      1.32         0
     21/99       10G      1.51      1.75         0      3.26       182       416      0.83     0.948     0.957     0.885      1.44      1.34         0
     22/99       10G      1.43      1.72         0      3.16        97       416     0.847     0.946     0.954     0.894      1.51      1.32         0
     23/99       10G      1.38      1.68         0      3.06       125       416     0.894     0.942      0.97     0.917      1.19      1.24         0
     24/99       10G      1.36      1.68         0      3.04       100       416     0.893     0.947     0.972     0.919      1.21      1.29         0
     25/99       10G      1.39      1.67         0      3.05       105       416     0.843     0.953     0.964     0.895      1.33      1.26         0
     26/99       10G      1.34       1.7         0      3.04        94       416     0.883     0.948     0.969     0.914      1.13      1.22         0
     27/99       10G      1.32       1.7         0      3.02       128       416     0.891      0.95     0.974     0.919      1.23      1.19         0
     28/99       10G      1.29      1.58         0      2.87        79       416      0.89     0.948     0.973     0.918      1.22      1.18         0
     29/99       10G      1.26      1.62         0      2.89       129       416      0.83     0.959      0.95      0.89      1.38      1.24         0
     30/99       10G      1.27      1.62         0      2.89       170       416     0.876     0.953     0.973     0.913      1.37      1.23         0
     31/99       10G      1.21      1.64         0      2.85       115       416     0.909     0.949     0.976     0.929      1.16      1.17         0
     32/99       10G       1.2      1.55         0      2.75       141       416     0.903     0.951     0.977     0.926      1.02      1.16         0
     33/99       10G       1.2      1.52         0      2.72       101       416     0.938     0.943     0.978     0.941      1.21      1.17         0
     34/99       10G      1.22      1.62         0      2.84        98       416      0.92     0.948     0.977     0.934      1.19      1.18         0
     35/99       10G      1.13      1.55         0      2.67       137       416     0.899     0.954     0.978     0.926     0.998      1.14         0
     36/99       10G      1.17      1.58         0      2.75       100       416     0.907     0.959      0.98     0.933     0.943      1.11         0
     37/99       10G      1.13      1.52         0      2.65        99       416     0.925     0.949      0.98     0.937      1.06      1.14         0
     38/99       10G      1.15      1.56         0      2.71       128       416     0.919     0.957     0.981     0.938      1.07      1.15         0
     39/99       10G      1.09      1.55         0      2.64        95       416     0.919     0.957     0.982     0.938     0.977      1.11         0
     40/99       10G      1.09      1.56         0      2.65       130       416     0.913      0.96     0.982     0.936      1.06      1.12         0
     41/99       10G      1.05      1.49         0      2.55       125       416     0.916      0.96     0.982     0.938       1.1      1.16         0
     42/99       10G      1.08      1.54         0      2.62        82       416     0.906     0.965     0.982     0.935     0.968      1.06         0
     43/99       10G      1.04      1.47         0      2.51       106       416     0.925     0.961     0.982     0.942     0.943      1.07         0
     44/99       10G      1.04      1.47         0      2.51       101       416     0.931      0.96     0.983     0.945      0.91      1.06         0
     45/99       10G     0.992      1.42         0      2.41        92       416     0.924     0.963     0.984     0.943     0.889      1.04         0
     46/99       10G     0.996      1.44         0      2.43        97       416     0.939     0.957     0.984     0.948     0.896      1.06         0
     47/99       10G     0.977      1.44         0      2.41        90       416     0.938     0.962     0.984      0.95     0.871      1.05         0
     48/99       10G     0.971       1.5         0      2.47       160       416     0.937     0.963     0.983      0.95     0.856      1.08         0
     49/99       10G     0.968      1.42         0      2.39        77       416     0.915     0.965     0.983     0.939     0.873      1.05         0
     50/99       10G     0.983      1.42         0      2.41       145       416     0.935      0.96     0.984     0.947      0.96      1.11         0
     51/99       10G     0.935      1.39         0      2.32       108       416     0.933     0.963     0.985     0.948     0.818      1.03         0
     52/99       10G     0.948      1.44         0      2.39       173       416      0.93     0.964     0.985     0.947     0.822      1.01         0
     53/99       10G     0.943      1.47         0      2.41        87       416     0.934     0.963     0.985     0.948      0.83      1.01         0
     54/99       10G     0.924       1.4         0      2.32       113       416     0.933     0.963     0.985     0.948     0.814      1.02         0
     55/99       10G     0.912      1.41         0      2.32       127       416     0.945      0.96     0.986     0.953     0.843      1.02         0
     56/99       10G      0.93      1.41         0      2.34       131       416     0.944      0.96     0.986     0.952     0.838         1         0
     57/99       10G     0.907      1.38         0      2.29       100       416     0.938     0.965     0.986     0.951     0.819     0.994         0
     58/99       10G     0.892      1.38         0      2.27        99       416     0.939     0.965     0.986     0.952     0.802      0.98         0
     59/99       10G      0.94      1.46         0       2.4       141       416     0.933     0.969     0.987     0.951     0.802      0.99         0
     60/99       10G     0.852      1.39         0      2.24       101       416     0.934     0.965     0.987     0.949     0.789     0.995         0
     61/99       10G     0.877      1.35         0      2.23       138       416     0.933     0.964     0.986     0.948     0.772      0.97         0
     62/99       10G     0.863      1.38         0      2.25       123       416     0.936     0.966     0.986     0.951     0.771      0.98         0
     63/99       10G     0.875      1.41         0      2.29        98       416     0.932     0.968     0.986      0.95     0.757     0.967         0
     64/99       10G     0.868      1.37         0      2.24        89       416     0.935     0.968     0.987     0.951     0.777      0.97         0
     65/99       10G     0.871      1.32         0      2.19        74       416     0.935     0.968     0.987     0.951     0.756     0.964         0
     66/99       10G     0.869      1.38         0      2.25       116       416     0.934     0.968     0.987     0.951     0.766     0.963         0
     67/99       10G     0.861      1.38         0      2.24       140       416     0.931     0.971     0.987      0.95     0.747     0.951         0
     68/99       10G     0.849      1.38         0      2.22       135       416     0.938      0.97     0.987     0.954      0.75      0.95         0
     69/99       10G     0.865      1.38         0      2.24       118       416     0.934     0.971     0.987     0.952      0.75     0.963         0
     70/99       10G     0.851      1.31         0      2.16        87       416     0.937     0.968     0.988     0.952     0.741     0.945         0
     71/99       10G     0.856      1.34         0      2.19       110       416     0.935     0.972     0.988     0.953     0.735     0.935         0
     72/99       10G     0.834      1.29         0      2.13        87       416      0.94     0.968     0.987     0.954     0.739     0.939         0
     73/99       10G     0.836      1.28         0      2.12        88       416     0.941      0.97     0.988     0.955     0.744      0.94         0
     74/99       10G     0.846      1.38         0      2.23       182       416      0.93     0.973     0.987     0.951     0.727     0.934         0
     75/99       10G     0.819      1.36         0      2.18       103       416     0.934     0.971     0.987     0.952     0.727     0.931         0
     76/99       10G     0.847       1.3         0      2.15       137       416     0.937      0.97     0.988     0.953     0.728     0.928         0
     77/99       10G     0.825      1.33         0      2.15       155       416     0.935     0.972     0.987     0.953     0.726     0.925         0
     78/99       10G     0.809      1.25         0      2.06       119       416      0.94     0.971     0.988     0.955     0.724     0.928         0
     79/99       10G     0.851      1.36         0      2.21        91       416     0.936     0.973     0.988     0.954     0.724      0.92         0
     80/99       10G     0.841      1.32         0      2.16       128       416     0.936     0.973     0.988     0.954     0.719     0.922         0
     81/99       10G     0.819      1.32         0      2.14       119       416     0.936     0.973     0.988     0.954     0.717     0.927         0
     82/99       10G     0.812      1.33         0      2.14       111       416     0.934     0.974     0.988     0.953     0.719     0.926         0
     83/99       10G      0.81      1.32         0      2.13       133       416     0.934     0.973     0.988     0.953     0.716     0.916         0
     84/99       10G     0.803      1.31         0      2.11        94       416     0.933     0.972     0.988     0.952     0.717     0.914         0
     85/99       10G     0.846      1.38         0      2.23       133       416     0.933     0.973     0.988     0.952     0.717     0.915         0
     86/99       10G     0.804      1.24         0      2.05        76       416     0.937     0.973     0.988     0.955     0.714     0.916         0
     87/99       10G     0.817      1.29         0      2.11       118       416     0.937     0.973     0.989     0.955     0.712     0.915         0
     88/99       10G     0.828       1.3         0      2.13       185       416     0.936     0.973     0.989     0.954     0.713     0.917         0
     89/99       10G     0.823      1.34         0      2.17       127       416     0.933     0.973     0.988     0.952     0.714     0.917         0
     90/99       10G     0.814      1.29         0       2.1       102       416     0.934     0.973     0.989     0.953     0.709     0.911         0
     91/99       10G     0.833      1.34         0      2.17       149       416     0.934     0.973     0.988     0.953     0.709     0.909         0
     92/99       10G     0.789      1.33         0      2.12       127       416     0.934     0.973     0.988     0.953      0.71     0.908         0
     93/99       10G     0.815       1.3         0      2.12       114       416     0.934     0.974     0.988     0.954     0.709     0.907         0
     94/99       10G     0.837      1.36         0      2.19       102       416     0.933     0.974     0.988     0.953     0.709     0.907         0
     95/99       10G     0.818      1.29         0      2.11       121       416     0.932     0.974     0.988     0.953     0.709     0.908         0
     96/99       10G     0.803      1.31         0      2.11        83       416     0.933     0.974     0.988     0.953     0.708     0.908         0
     97/99       10G     0.789      1.26         0      2.05       115       416     0.933     0.974     0.988     0.953     0.708     0.909         0
     98/99       10G     0.811       1.3         0      2.11       109       416     0.933     0.974     0.989     0.953     0.708     0.909         0
     99/99       10G     0.827      1.33         0      2.16       107       416     0.932     0.974     0.989     0.953     0.708     0.909         0
