      0/99     14.5G      5.37      19.6         0        25       139       416    0.0419      0.24    0.0167    0.0714      6.19      7.33         0
      1/99     14.6G      6.41        12         0      18.4       134       416    0.0149    0.0449   0.00166    0.0224       5.6      43.9         0
      2/99     14.6G      5.93      45.1         0        51       186       416    0.0179    0.0526   0.00466    0.0267      6.15      61.1         0
      3/99     14.6G      5.98      16.2         0      22.2       216       416         0         0         0         0      6.05      2.23         0
      4/99     14.6G      6.46      2.15         0      8.61       202       416         0         0         0         0      6.25      1.57         0
      5/99     14.6G      6.49      2.08         0      8.57       145       416         0         0         0         0      6.16      1.64         0
      6/99     14.6G       6.4      2.71         0      9.11       142       416         0         0         0         0      5.93      3.43         0
      7/99     14.6G      6.46      2.35         0      8.81       142       416         0         0         0         0      6.02      1.33         0
      8/99     14.6G      6.41      1.64         0      8.05       141       416         0         0         0         0      5.87       1.3         0
      9/99     14.6G       6.3       1.7         0         8       154       416         0         0         0         0      5.79      1.25         0
     10/99     14.6G      6.24      1.58         0      7.82       143       416         0         0         0         0      5.81      1.18         0
     11/99     14.6G      6.19       1.5         0      7.69       156       416         0         0    0.0014         0      5.87      1.08         0
     12/99     14.6G      6.19      1.39         0      7.58       143       416         0         0     0.015         0      6.09     0.976         0
     13/99     14.6G      6.37      1.21         0      7.58       135       416         0         0   0.00896         0      6.25     0.919         0
     14/99     14.6G      6.35      1.21         0      7.56       191       416         0         0    0.0217         0       6.1      0.92         0
     15/99     14.6G      6.33       1.2         0      7.52       188       416         0         0     0.042         0      5.98     0.909         0
     16/99     14.6G      6.15      1.25         0       7.4       154       416         0         0    0.0458         0      5.79     0.905         0
     17/99     14.6G      6.18      1.12         0       7.3       191       416     0.122   0.00301    0.0456   0.00588      5.92     0.822         0
     18/99     14.6G      6.23      1.11         0      7.35       166       416     0.187   0.00395    0.0512   0.00773      5.73     0.842         0
     19/99     14.6G      6.09      1.11         0       7.2       192       416         0         0     0.055         0      5.62     0.859         0
     20/99     14.6G      5.92      1.27         0       7.2       198       416     0.249    0.0656    0.0807     0.104      5.47     0.857         0
     21/99     14.6G      5.82       1.2         0      7.02       174       416     0.216     0.113    0.0942     0.148       5.5      0.84         0
     22/99     14.6G      5.59      1.19         0      6.78       195       416  0.000252    0.0031  1.41e-05  0.000467      8.12       214         0
     23/99     14.6G      4.98      1.16         0      6.14       203       416         0         0  2.49e-07         0      8.28       193         0
     24/99     14.6G      5.02      1.08         0       6.1       147       416         0         0         0         0      8.73       237         0
     25/99     14.6G      4.98      1.07         0      6.05       193       416         0         0         0         0      8.56       233         0
     26/99     14.6G      4.96      1.09         0      6.05       178       416  0.000111    0.0031  9.09e-07  0.000214      8.45       220         0
     27/99     14.6G      4.93      1.15         0      6.09       218       416  0.000152   0.00619  3.07e-06  0.000297      8.39       243         0
     28/99     14.6G      4.89      1.04         0      5.94       138       416  5.53e-05    0.0031   2.8e-07  0.000109      8.52       284         0
     29/99     14.6G      4.91       1.1         0      6.01       182       416  6.09e-05   0.00464   1.1e-06   0.00012      8.43       224         0
     30/99     14.6G      4.91         1         0      5.91       162       416  0.000166    0.0186   8.4e-06  0.000329      8.27       142         0
     31/99     14.6G      4.82     0.999         0      5.82       127       416   0.00202      0.31  0.000846   0.00401      7.81       103         0
     32/99     14.6G      4.82      1.09         0      5.91       164       416   0.00172     0.328  0.000698   0.00341       7.7       170         0
     33/99     14.6G      4.79     0.957         0      5.75       145       416   0.00328     0.554   0.00244   0.00652       7.3       111         0
     34/99     14.6G       4.8     0.953         0      5.76       118       416   0.00401      0.63   0.00335   0.00797      7.09       104         0
     35/99     14.6G      4.85      1.02         0      5.87       144       416   0.00392     0.563   0.00274   0.00779      7.08      92.8         0
     36/99     14.6G      4.81      1.08         0      5.89       228       416   0.00607     0.686   0.00531     0.012      6.68      71.3         0
     37/99     14.6G      4.77     0.964         0      5.73       127       416   0.00686     0.697   0.00632    0.0136      6.53      57.8         0
     38/99     14.6G      4.79         1         0      5.79       208       416   0.00924     0.681   0.00922    0.0182      6.28        34         0
     39/99     14.6G      4.77      1.02         0       5.8       152       416   0.00809      0.65   0.00737     0.016      6.26      32.5         0
     40/99     14.6G      4.74     0.939         0      5.68       169       416    0.0112     0.565    0.0103    0.0219      6.12        13         0
     41/99     14.6G      4.79     0.927         0      5.72       125       416    0.0155     0.478    0.0158      0.03      6.01       6.3         0
     42/99     14.6G      4.81     0.931         0      5.74       147       416    0.0183     0.534    0.0195    0.0354      5.89      5.83         0
     43/99     14.6G      4.81     0.962         0      5.78       217       416    0.0299     0.472    0.0346    0.0563      5.79      3.17         0
     44/99     14.6G      4.76     0.856         0      5.61       152       416    0.0239     0.568    0.0389    0.0459      5.62      4.99         0
     45/99     14.6G      4.78     0.926         0       5.7       201       416    0.0162     0.571    0.0208    0.0316      5.51       8.1         0
     46/99     14.6G      4.75     0.913         0      5.67       183       416     0.044     0.474    0.0614    0.0805      5.39      2.25         0
     47/99     14.6G      4.76      0.85         0      5.61       180       416     0.141     0.285     0.115     0.188      5.32     0.973         0
     48/99     14.6G      4.74     0.897         0      5.63       183       416     0.146     0.259      0.11     0.187      5.26     0.939         0
     49/99     14.6G      4.74      0.85         0      5.59       145       416     0.164      0.19    0.0951     0.177      5.22     0.871         0
     50/99     14.6G      4.71     0.837         0      5.55       168       416     0.244     0.263      0.17     0.253      5.13     0.823         0
     51/99     14.6G       4.7     0.827         0      5.53       153       416       0.3      0.22     0.188     0.254      5.09     0.755         0
     52/99     14.6G      4.71     0.821         0      5.54       184       416     0.448     0.171     0.202     0.248      5.13     0.661         0
     53/99     14.6G      4.71     0.854         0      5.56       165       416     0.476     0.282     0.262     0.354      5.04     0.678         0
     54/99     14.6G      4.72     0.861         0      5.59       187       416     0.491     0.237     0.252      0.32      4.99     0.684         0
     55/99     14.6G      4.67     0.799         0      5.47       162       416     0.483     0.221      0.26     0.304      4.96     0.687         0
     56/99     14.6G      4.69     0.859         0      5.55       211       416     0.635     0.261     0.347      0.37      4.92     0.617         0
     57/99     14.6G       4.7     0.852         0      5.55       181       416     0.565     0.245     0.311     0.342      4.88     0.657         0
     58/99     14.6G      4.67     0.768         0      5.43       152       416     0.646     0.237     0.341     0.347      4.85     0.637         0
     59/99     14.6G      4.68     0.834         0      5.51       193       416     0.626     0.247     0.333     0.354      4.87     0.631         0
     60/99     14.6G      4.67      0.82         0      5.49       173       416      0.82     0.226     0.424     0.354      4.78     0.593         0
     61/99     14.6G      4.71     0.789         0      5.49       166       416     0.848     0.216     0.457     0.344      4.74     0.586         0
     62/99     14.6G      4.69     0.829         0      5.52       214       416     0.832     0.206     0.448      0.33      4.74     0.584         0
     63/99     14.6G      4.66       0.8         0      5.46       145       416     0.896     0.186     0.447     0.308      4.71     0.595         0
     64/99     14.6G      4.64     0.785         0      5.43       174       416     0.875     0.216      0.51     0.347      4.69     0.556         0
     65/99     14.6G      4.66     0.798         0      5.46       191       416     0.919     0.194     0.509     0.321      4.67     0.572         0
     66/99     14.6G      4.68     0.811         0      5.49       185       416     0.864     0.249     0.531     0.387      4.66     0.545         0
     67/99     14.6G      4.64     0.784         0      5.42       160       416     0.938     0.187      0.53     0.312      4.67      0.57         0
     68/99     14.6G      4.64      0.81         0      5.45       167       416     0.932     0.213     0.539     0.346      4.66     0.558         0
     69/99     14.6G      4.65     0.803         0      5.46       159       416     0.938     0.211      0.53     0.345      4.64     0.567         0
     70/99     14.6G      4.65     0.797         0      5.44       143       416     0.919      0.23     0.538     0.367      4.62     0.556         0
     71/99     14.6G      4.63     0.753         0      5.38       157       416     0.944     0.183     0.548     0.307      4.64     0.572         0
     72/99     14.6G      4.65     0.821         0      5.47       190       416     0.949     0.173     0.559     0.293      4.65     0.568         0
     73/99     14.6G      4.63     0.751         0      5.38       159       416     0.943     0.179     0.564     0.301      4.66      0.56         0
     74/99     14.6G      4.64     0.797         0      5.44       148       416     0.949       0.2     0.578      0.33      4.63     0.549         0
     75/99     14.6G      4.63     0.781         0      5.41       141       416     0.947     0.167     0.573     0.284      4.65     0.563         0
     76/99     14.6G      4.64     0.779         0      5.42       142       416     0.945     0.186      0.58      0.31      4.64     0.549         0
     77/99     14.6G      4.61     0.768         0      5.38       181       416     0.953     0.181     0.585     0.304      4.62     0.549         0
     78/99     14.6G      4.62     0.763         0      5.39       167       416     0.954     0.192     0.589     0.319      4.62     0.541         0
     79/99     14.6G      4.65     0.814         0      5.46       186       416     0.943     0.203     0.593     0.334      4.62     0.534         0
     80/99     14.6G      4.64     0.794         0      5.44       160       416     0.937     0.207     0.593      0.34       4.6     0.534         0
     81/99     14.6G      4.62     0.784         0       5.4       204       416     0.959     0.203     0.602     0.335      4.61     0.532         0
     82/99     14.6G      4.63     0.796         0      5.43       169       416     0.948     0.225     0.609     0.363      4.58     0.526         0
     83/99     14.6G      4.59     0.772         0      5.37       183       416     0.945     0.213     0.608     0.348      4.58      0.53         0
     84/99     14.6G      4.64     0.784         0      5.42       179       416     0.945     0.237     0.613     0.379      4.58     0.521         0
     85/99     14.6G      4.62     0.815         0      5.43       186       416     0.946     0.246     0.614      0.39      4.57     0.517         0
     86/99     14.6G      4.63     0.787         0      5.42       180       416     0.949     0.258     0.619     0.405      4.56     0.512         0
     87/99     14.6G      4.63     0.827         0      5.46       220       416     0.949     0.258      0.62     0.406      4.56     0.512         0
     88/99     14.6G      4.63     0.781         0      5.41       192       416      0.95     0.265     0.619     0.414      4.57     0.508         0
     89/99     14.6G       4.6      0.78         0      5.38       196       416     0.949     0.262      0.62      0.41      4.56     0.508         0
     90/99     14.6G      4.63     0.758         0      5.38       193       416     0.951      0.27     0.622     0.421      4.56     0.505         0
     91/99     14.6G      4.62     0.797         0      5.42       171       416     0.954     0.292     0.625     0.447      4.55     0.502         0
     92/99     14.6G      4.61     0.748         0      5.36       157       416     0.951     0.301     0.625     0.457      4.55     0.498         0
     93/99     14.6G      4.62     0.815         0      5.44       156       416     0.948     0.312     0.625     0.469      4.55     0.494         0
     94/99     14.6G      4.62     0.787         0       5.4       159       416     0.946     0.317     0.626     0.475      4.54     0.491         0
     95/99     14.6G      4.62     0.778         0       5.4       195       416     0.951      0.33     0.629      0.49      4.54     0.489         0
     96/99     14.6G      4.63     0.827         0      5.46       175       416     0.948     0.334     0.628     0.494      4.53     0.487         0
     97/99     14.6G      4.61     0.804         0      5.42       170       416     0.947     0.344     0.628     0.504      4.53     0.485         0
     98/99     14.6G      4.64      0.82         0      5.46       162       416     0.938     0.354     0.629     0.514      4.53     0.483         0
     99/99     14.6G      4.61     0.782         0      5.39       168       416     0.936     0.361      0.64     0.521      4.53     0.482         0
