      0/99      3.7G      4.76      10.7         0      15.5       139       416      0.29    0.0873    0.0986     0.134      3.95      4.71         0
      1/99      6.1G      4.26       6.6         0      10.9       134       416      0.27     0.159     0.165     0.201      3.71      4.65         0
      2/99      6.1G      4.01      6.78         0      10.8       186       416     0.393     0.352      0.26     0.371      3.55      4.28         0
      3/99      6.1G      3.71      3.61         0      7.32       216       416     0.671     0.306     0.471      0.42      3.29      2.65         0
      4/99      6.1G      3.55      3.37         0      6.92       202       416     0.631     0.529     0.604     0.576      3.09      2.59         0
      5/99      6.1G      3.36      3.41         0      6.77       145       416      0.67     0.562      0.64     0.611      2.92      2.53         0
      6/99      6.1G      3.18       3.2         0      6.39       142       416     0.545     0.652     0.609     0.594      3.08      2.55         0
      7/99      6.1G      3.09      3.21         0       6.3       142       416     0.544     0.689     0.665     0.608      2.95      2.48         0
      8/99      6.1G      2.93      3.27         0       6.2       141       416     0.558     0.703     0.673     0.622      2.82      2.43         0
      9/99      6.1G      2.79      3.17         0      5.96       154       416     0.605     0.698      0.68     0.648      2.64      2.38         0
     10/99      6.1G      2.73      3.22         0      5.94       143       416     0.572      0.72     0.684     0.638       2.6      2.34         0
     11/99      6.1G      2.59      3.06         0      5.65       156       416     0.613      0.71     0.686     0.657      2.54       2.3         0
     12/99      6.1G      2.56      2.98         0      5.54       143       416     0.648     0.746     0.712     0.693      2.47      2.25         0
     13/99      6.1G      2.53      2.94         0      5.47       135       416     0.701     0.762      0.75      0.73      2.34      2.19         0
     14/99      6.1G      2.44      3.02         0      5.46       191       416     0.701     0.759     0.742     0.728      2.29      2.11         0
     15/99      6.1G      2.41       2.9         0      5.31       188       416     0.743     0.754     0.763     0.748      2.33      2.08         0
     16/99      6.1G       2.3      2.87         0      5.18       154       416     0.655     0.774     0.742      0.71      2.32         2         0
     17/99      6.1G      2.29      2.69         0      4.99       191       416     0.697     0.728     0.721     0.712      2.32      1.91         0
     18/99      6.1G      2.27      2.82         0      5.09       166       416     0.702     0.768     0.765     0.733      2.24      1.85         0
     19/99      6.1G      2.15      2.59         0      4.75       192       416     0.641     0.813     0.767     0.717       2.2      1.81         0
     20/99      6.1G       2.2       2.7         0      4.91       198       416     0.561     0.861     0.788     0.679      2.13      1.84         0
     21/99      6.1G      2.12       2.6         0      4.71       174       416     0.478     0.881     0.774      0.62      2.16      1.91         0
     22/99      6.1G       2.1      2.59         0      4.69       195       416     0.482     0.893     0.793     0.626         2      1.89         0
     23/99      6.1G      2.04      2.49         0      4.53       203       416     0.523     0.892     0.817      0.66      1.96      1.84         0
     24/99      6.1G      2.02      2.49         0      4.51       147       416     0.565     0.888     0.833     0.691      1.85      1.77         0
     25/99      6.1G         2      2.48         0      4.48       193       416     0.605     0.883     0.832     0.718      1.83      1.73         0
     26/99      6.1G      1.99      2.43         0      4.42       178       416     0.606     0.885     0.841      0.72      1.88      1.73         0
     27/99      6.1G      1.98      2.55         0      4.53       218       416     0.607     0.893      0.85     0.723      1.82       1.7         0
     28/99      6.1G      1.93      2.36         0      4.29       138       416     0.635     0.887     0.854      0.74      1.83      1.69         0
     29/99      6.1G      1.94      2.52         0      4.46       182       416     0.628     0.893     0.859     0.737      1.76      1.66         0
     30/99      6.1G      1.88      2.39         0      4.27       162       416     0.636     0.895     0.859     0.744      1.74      1.64         0
     31/99      6.1G      1.86      2.36         0      4.22       127       416     0.664     0.892     0.868     0.761      1.73      1.62         0
     32/99      6.1G      1.89      2.49         0      4.38       164       416     0.676      0.89     0.872     0.769      1.78      1.61         0
     33/99      6.1G      1.82      2.26         0      4.08       145       416     0.696     0.889     0.882     0.781      1.71      1.57         0
     34/99      6.1G      1.82      2.31         0      4.13       118       416     0.716      0.89     0.893     0.793      1.76      1.58         0
     35/99      6.1G      1.86      2.39         0      4.26       144       416     0.745     0.893     0.899     0.813      1.69      1.53         0
     36/99      6.1G      1.83      2.32         0      4.15       228       416     0.744      0.89     0.903     0.811       1.7      1.52         0
     37/99      6.1G      1.84      2.33         0      4.16       127       416     0.765     0.896     0.911     0.825      1.68      1.51         0
     38/99      6.1G      1.84      2.32         0      4.15       208       416     0.772     0.895     0.908     0.829      1.67       1.5         0
     39/99      6.1G       1.8      2.33         0      4.13       152       416      0.75     0.899     0.912     0.818      1.68       1.5         0
     40/99      6.1G      1.76      2.25         0      4.01       169       416      0.77     0.898     0.916     0.829       1.6      1.46         0
     41/99      6.1G       1.8      2.29         0      4.09       125       416     0.787     0.896     0.919     0.838      1.59      1.45         0
     42/99      6.1G      1.77       2.3         0      4.08       147       416     0.798     0.902     0.925     0.847      1.61      1.44         0
     43/99      6.1G      1.78      2.27         0      4.04       217       416     0.825     0.905     0.927     0.863      1.62      1.44         0
     44/99      6.1G      1.73      2.12         0      3.85       152       416      0.83     0.904     0.931     0.865      1.59      1.42         0
     45/99      6.1G      1.73      2.22         0      3.95       201       416     0.838     0.909     0.933     0.872      1.56      1.41         0
     46/99      6.1G      1.72       2.2         0      3.92       183       416     0.827     0.907      0.93     0.865      1.56      1.41         0
     47/99      6.1G      1.71      2.14         0      3.85       180       416     0.827     0.907     0.933     0.865      1.55       1.4         0
     48/99      6.1G      1.72      2.23         0      3.96       183       416      0.83      0.91     0.933     0.868      1.55      1.39         0
     49/99      6.1G      1.69      2.16         0      3.86       145       416     0.833     0.913     0.937     0.871      1.54      1.39         0
     50/99      6.1G      1.69      2.21         0      3.91       168       416     0.839     0.912     0.936     0.874      1.51      1.37         0
     51/99      6.1G      1.68      2.15         0      3.83       153       416     0.839     0.913     0.938     0.875       1.5      1.36         0
     52/99      6.1G      1.68      2.12         0       3.8       184       416     0.844      0.91     0.935     0.876      1.52      1.37         0
     53/99      6.1G      1.68      2.17         0      3.85       165       416      0.84     0.913      0.94     0.875       1.5      1.36         0
     54/99      6.1G       1.7      2.13         0      3.83       187       416     0.847     0.912     0.939     0.878      1.49      1.35         0
     55/99      6.1G      1.63      2.06         0       3.7       162       416     0.841     0.911     0.935     0.875      1.48      1.34         0
     56/99      6.1G      1.68      2.18         0      3.86       211       416     0.842      0.91     0.936     0.875      1.48      1.34         0
     57/99      6.1G      1.69      2.13         0      3.82       181       416      0.84     0.913     0.936     0.875      1.47      1.34         0
     58/99      6.1G      1.64      2.05         0      3.69       152       416     0.838     0.913      0.94     0.874      1.48      1.34         0
     59/99      6.1G      1.66      2.14         0       3.8       193       416     0.839     0.913     0.937     0.874      1.48      1.33         0
     60/99      6.1G      1.66      2.09         0      3.75       173       416     0.852     0.913     0.943     0.881      1.48      1.33         0
     61/99      6.1G      1.68      2.04         0      3.72       166       416     0.846      0.91     0.942     0.877      1.46      1.32         0
     62/99      6.1G      1.67      2.11         0      3.78       214       416     0.852     0.913     0.942     0.882      1.46      1.32         0
     63/99      6.1G      1.64      2.05         0      3.68       145       416     0.852     0.911     0.939     0.881      1.46      1.32         0
     64/99      6.1G      1.62         2         0      3.62       174       416     0.854     0.912     0.944     0.882      1.46      1.32         0
     65/99      6.1G      1.63      2.02         0      3.66       191       416      0.85      0.91      0.94     0.879      1.45      1.32         0
     66/99      6.1G      1.66      2.04         0       3.7       185       416     0.844     0.913      0.94     0.877      1.44      1.31         0
     67/99      6.1G      1.61      2.07         0      3.68       160       416     0.847     0.915     0.944     0.879      1.44      1.31         0
     68/99      6.1G      1.62      2.08         0       3.7       167       416     0.848     0.914     0.946      0.88      1.45      1.31         0
     69/99      6.1G      1.64      2.06         0      3.69       159       416      0.84     0.913     0.941     0.875      1.44      1.31         0
     70/99      6.1G      1.63      2.07         0       3.7       143       416     0.849     0.918     0.946     0.882      1.43      1.31         0
     71/99      6.1G      1.59      2.01         0      3.61       157       416     0.842     0.917     0.945     0.878      1.43       1.3         0
     72/99      6.1G      1.61      2.04         0      3.65       190       416     0.837     0.915      0.94     0.874      1.44      1.31         0
     73/99      6.1G       1.6      1.97         0      3.57       159       416     0.844     0.916     0.947     0.879      1.43       1.3         0
     74/99      6.1G      1.62      2.03         0      3.66       148       416     0.839     0.919     0.946     0.877      1.42       1.3         0
     75/99      6.1G      1.63      2.06         0      3.69       141       416     0.838     0.921     0.946     0.878      1.42       1.3         0
     76/99      6.1G      1.64      2.03         0      3.67       142       416     0.841     0.921     0.945     0.879      1.42       1.3         0
     77/99      6.1G      1.58      2.02         0       3.6       181       416     0.834     0.921     0.945     0.875      1.41       1.3         0
     78/99      6.1G       1.6      2.03         0      3.63       167       416     0.844      0.92     0.947      0.88      1.42       1.3         0
     79/99      6.1G      1.64      2.05         0      3.69       186       416     0.839     0.918     0.941     0.877      1.41       1.3         0
     80/99      6.1G      1.62      2.08         0      3.69       160       416     0.839      0.92     0.946     0.877      1.41      1.29         0
     81/99      6.1G      1.58      1.99         0      3.57       204       416     0.842     0.918     0.941     0.878      1.41      1.29         0
     82/99      6.1G      1.62      2.03         0      3.65       169       416     0.843      0.92     0.947      0.88      1.41      1.29         0
     83/99      6.1G      1.56      2.01         0      3.57       183       416      0.84     0.918     0.944     0.877      1.41      1.29         0
     84/99      6.1G      1.62         2         0      3.62       179       416     0.845     0.922     0.948     0.882      1.41      1.29         0
     85/99      6.1G       1.6      2.07         0      3.67       186       416     0.833     0.923     0.947     0.876       1.4      1.29         0
     86/99      6.1G      1.62      1.97         0      3.59       180       416     0.839     0.923     0.947     0.879      1.41      1.29         0
     87/99      6.1G      1.61         2         0      3.61       220       416     0.838     0.921     0.941     0.878       1.4      1.29         0
     88/99      6.1G      1.59      2.03         0      3.63       192       416     0.838     0.923     0.946     0.878      1.41      1.29         0
     89/99      6.1G      1.59      2.02         0      3.61       196       416     0.841     0.923     0.947      0.88      1.41      1.29         0
     90/99      6.1G      1.57      1.99         0      3.57       193       416     0.837     0.923     0.946     0.878       1.4      1.29         0
     91/99      6.1G      1.63      2.08         0      3.71       171       416     0.838     0.923     0.946     0.878       1.4      1.29         0
     92/99      6.1G      1.58      1.98         0      3.56       157       416     0.836     0.923     0.947     0.877       1.4      1.29         0
     93/99      6.1G      1.62      2.05         0      3.66       156       416     0.836     0.923     0.947     0.877       1.4      1.29         0
     94/99      6.1G      1.61      2.06         0      3.67       159       416     0.835     0.923     0.947     0.877       1.4      1.29         0
     95/99      6.1G      1.59      1.96         0      3.55       195       416     0.835     0.923     0.946     0.877       1.4      1.29         0
     96/99      6.1G      1.62      2.09         0      3.71       175       416     0.836     0.923     0.946     0.877       1.4      1.29         0
     97/99      6.1G      1.59      2.05         0      3.64       170       416     0.837     0.923     0.946     0.877       1.4      1.29         0
     98/99      6.1G      1.61      2.05         0      3.66       162       416     0.837     0.923     0.946     0.878       1.4      1.29         0
     99/99      6.1G      1.61      2.06         0      3.67       168       416     0.837     0.923     0.945     0.877       1.4      1.29         0
