      0/99      3.7G      4.89      11.9         0      16.8       139       416     0.189    0.0232    0.0529    0.0413       4.3      6.14         0
      1/99      6.1G      4.68      7.95         0      12.6       134       416     0.272    0.0356    0.0687     0.063      4.17      5.68         0
      2/99      6.1G      4.44      8.11         0      12.6       186       416     0.269     0.104     0.113      0.15      3.84      5.25         0
      3/99      6.1G      4.19      3.98         0      8.17       216       416     0.296    0.0944     0.127     0.143      3.81      3.02         0
      4/99      6.1G      4.19      3.53         0      7.72       202       416     0.375    0.0511     0.164      0.09      3.77      2.76         0
      5/99      6.1G      4.15      3.46         0      7.61       145       416      0.52    0.0418     0.195    0.0774      3.75      2.72         0
      6/99      6.1G      4.14      3.25         0      7.39       142       416     0.553    0.0743     0.253     0.131      3.73      2.72         0
      7/99      6.1G      4.13      3.29         0      7.42       142       416     0.594    0.0995     0.271      0.17      3.72      2.69         0
      8/99      6.1G      4.06       3.4         0      7.46       141       416     0.628     0.162     0.308     0.258      3.68      2.67         0
      9/99      6.1G      4.03      3.33         0      7.36       154       416     0.659     0.189     0.334     0.294      3.62      2.67         0
     10/99      6.1G      3.98      3.44         0      7.42       143       416     0.678     0.208     0.361     0.318      3.56      2.68         0
     11/99      6.1G      3.94       3.3         0      7.24       156       416     0.666     0.213     0.367     0.322      3.53      2.68         0
     12/99      6.1G      3.95      3.25         0      7.21       143       416     0.677     0.231     0.383     0.344       3.5      2.68         0
     13/99      6.1G      3.91      3.28         0      7.19       135       416     0.681     0.249     0.398     0.365      3.47      2.68         0
     14/99      6.1G      3.83       3.5         0      7.33       191       416      0.67     0.269     0.409     0.384      3.44      2.68         0
     15/99      6.1G      3.86      3.36         0      7.22       188       416     0.695     0.285     0.435     0.404      3.41      2.68         0
     16/99      6.1G      3.77      3.45         0      7.22       154       416     0.718     0.319      0.46     0.442      3.38      2.68         0
     17/99      6.1G      3.77      3.26         0      7.03       191       416     0.698     0.326     0.468     0.445      3.35      2.68         0
     18/99      6.1G      3.77      3.49         0      7.26       166       416     0.711     0.339     0.478     0.459      3.33      2.68         0
     19/99      6.1G       3.7      3.35         0      7.05       192       416     0.714     0.351     0.492     0.471      3.31      2.68         0
     20/99      6.1G      3.75      3.47         0      7.22       198       416      0.73     0.365     0.502     0.487      3.29      2.67         0
     21/99      6.1G      3.67      3.45         0      7.12       174       416     0.731     0.374      0.51     0.495      3.27      2.67         0
     22/99      6.1G      3.64       3.5         0      7.14       195       416     0.741     0.381     0.519     0.503      3.24      2.67         0
     23/99      6.1G      3.61      3.38         0      6.98       203       416     0.752     0.387     0.532     0.511      3.23      2.67         0
     24/99      6.1G       3.6      3.38         0      6.98       147       416     0.752     0.399     0.544     0.522       3.2      2.66         0
     25/99      6.1G      3.55      3.41         0      6.96       193       416     0.741     0.412     0.543      0.53      3.17      2.67         0
     26/99      6.1G      3.54      3.35         0      6.89       178       416     0.726     0.429     0.551     0.539      3.14      2.67         0
     27/99      6.1G      3.52      3.59         0      7.12       218       416     0.729     0.434     0.562     0.544      3.15      2.66         0
     28/99      6.1G      3.52       3.3         0      6.82       138       416     0.739     0.443     0.566     0.554      3.12      2.66         0
     29/99      6.1G      3.51      3.58         0      7.09       182       416     0.744     0.441     0.575     0.554      3.11      2.66         0
     30/99      6.1G      3.43      3.42         0      6.85       162       416     0.742     0.445     0.576     0.556       3.1      2.65         0
     31/99      6.1G      3.43      3.34         0      6.77       127       416     0.744     0.445     0.579     0.557      3.07      2.65         0
     32/99      6.1G      3.44      3.58         0      7.02       164       416     0.754     0.455      0.59     0.568      3.06      2.65         0
     33/99      6.1G      3.38      3.26         0      6.64       145       416     0.756     0.457     0.592     0.569      3.04      2.65         0
     34/99      6.1G       3.4      3.31         0      6.71       118       416     0.759     0.464     0.604     0.576      3.02      2.65         0
     35/99      6.1G      3.37       3.5         0      6.87       144       416     0.768     0.471     0.619     0.584      2.99      2.65         0
     36/99      6.1G      3.37      3.44         0      6.81       228       416     0.775     0.474     0.622     0.588      2.98      2.65         0
     37/99      6.1G      3.35      3.39         0      6.74       127       416     0.776     0.483     0.624     0.595      2.97      2.64         0
     38/99      6.1G      3.37      3.38         0      6.76       208       416     0.782     0.484      0.63     0.598      2.96      2.64         0
     39/99      6.1G      3.33      3.54         0      6.88       152       416     0.779     0.481     0.633     0.595      2.94      2.64         0
     40/99      6.1G      3.29      3.41         0       6.7       169       416     0.773     0.486     0.637     0.597      2.92      2.64         0
     41/99      6.1G      3.29      3.45         0      6.74       125       416     0.779      0.49      0.64     0.602      2.91      2.64         0
     42/99      6.1G      3.29      3.53         0      6.82       147       416     0.777     0.495      0.64     0.605       2.9      2.63         0
     43/99      6.1G      3.29      3.51         0      6.81       217       416      0.79     0.497     0.648      0.61      2.89      2.63         0
     44/99      6.1G      3.28      3.21         0      6.49       152       416     0.779     0.503     0.647     0.611      2.85      2.63         0
     45/99      6.1G      3.24      3.47         0      6.71       201       416     0.779     0.503     0.648     0.612      2.84      2.63         0
     46/99      6.1G      3.23      3.43         0      6.66       183       416     0.778     0.512     0.651     0.618      2.84      2.63         0
     47/99      6.1G      3.23      3.32         0      6.55       180       416     0.779     0.512     0.653     0.618      2.82      2.63         0
     48/99      6.1G      3.21      3.53         0      6.74       183       416     0.784     0.522     0.662     0.626       2.8      2.63         0
     49/99      6.1G       3.2      3.45         0      6.66       145       416     0.776     0.525     0.663     0.626       2.8      2.62         0
     50/99      6.1G      3.17       3.5         0      6.67       168       416     0.776     0.533     0.672     0.632      2.79      2.62         0
     51/99      6.1G      3.17       3.4         0      6.58       153       416     0.776     0.535     0.676     0.633      2.77      2.62         0
     52/99      6.1G      3.18      3.35         0      6.53       184       416     0.774     0.542     0.676     0.637      2.76      2.62         0
     53/99      6.1G      3.16      3.48         0      6.64       165       416      0.77     0.542     0.679     0.636      2.75      2.62         0
     54/99      6.1G      3.19       3.4         0       6.6       187       416     0.776     0.539     0.681     0.636      2.74      2.62         0
     55/99      6.1G      3.12      3.34         0      6.46       162       416     0.781      0.54     0.681     0.639      2.74      2.62         0
     56/99      6.1G      3.17      3.52         0      6.68       211       416     0.777      0.54     0.682     0.637      2.73      2.61         0
     57/99      6.1G      3.16      3.42         0      6.58       181       416     0.779      0.54     0.681     0.637      2.71      2.61         0
     58/99      6.1G      3.13      3.29         0      6.42       152       416     0.789     0.548     0.688     0.647      2.71      2.61         0
     59/99      6.1G      3.12      3.47         0       6.6       193       416     0.787     0.554     0.688      0.65       2.7      2.61         0
     60/99      6.1G      3.13      3.43         0      6.56       173       416     0.783     0.556      0.69      0.65       2.7      2.61         0
     61/99      6.1G      3.17      3.31         0      6.48       166       416      0.79     0.564     0.694     0.658      2.69       2.6         0
     62/99      6.1G      3.11      3.44         0      6.55       214       416     0.797     0.565     0.697     0.661      2.68       2.6         0
     63/99      6.1G      3.12      3.35         0      6.47       145       416     0.792     0.565     0.697      0.66      2.68       2.6         0
     64/99      6.1G      3.06      3.35         0      6.41       174       416     0.789     0.567     0.697     0.659      2.67       2.6         0
     65/99      6.1G      3.11      3.34         0      6.46       191       416     0.786     0.568     0.696      0.66      2.66       2.6         0
     66/99      6.1G      3.13      3.38         0      6.51       185       416     0.795     0.568     0.699     0.663      2.66       2.6         0
     67/99      6.1G      3.07      3.45         0      6.52       160       416     0.799     0.571     0.699     0.666      2.65      2.59         0
     68/99      6.1G      3.07      3.41         0      6.49       167       416     0.799     0.571     0.702     0.666      2.65      2.59         0
     69/99      6.1G      3.08      3.36         0      6.44       159       416     0.801     0.571     0.701     0.667      2.65      2.59         0
     70/99      6.1G      3.09      3.39         0      6.48       143       416     0.806     0.572     0.703     0.669      2.64      2.59         0
     71/99      6.1G      3.04      3.25         0      6.29       157       416       0.8     0.573     0.702     0.668      2.64      2.59         0
     72/99      6.1G      3.05      3.35         0       6.4       190       416     0.797     0.574     0.702     0.668      2.63      2.59         0
     73/99      6.1G      3.05       3.2         0      6.24       159       416     0.798     0.576     0.703     0.669      2.63      2.59         0
     74/99      6.1G      3.08       3.4         0      6.47       148       416     0.799     0.577     0.703      0.67      2.63      2.59         0
     75/99      6.1G      3.08      3.43         0      6.51       141       416     0.801     0.578     0.704     0.672      2.62      2.59         0
     76/99      6.1G      3.09      3.35         0      6.44       142       416     0.803      0.58     0.704     0.674      2.62      2.59         0
     77/99      6.1G      3.03      3.36         0      6.39       181       416     0.804     0.579     0.705     0.674      2.62      2.59         0
     78/99      6.1G      3.05      3.35         0       6.4       167       416     0.806     0.579     0.705     0.674      2.62      2.59         0
     79/99      6.1G       3.1      3.37         0      6.47       186       416     0.811     0.583     0.707     0.678      2.62      2.59         0
     80/99      6.1G      3.07      3.41         0      6.48       160       416     0.811     0.583     0.707     0.678      2.62      2.58         0
     81/99      6.1G      3.05      3.32         0      6.36       204       416     0.814     0.583     0.708      0.68      2.61      2.58         0
     82/99      6.1G      3.07      3.33         0       6.4       169       416     0.814     0.583     0.708     0.679      2.61      2.58         0
     83/99      6.1G      3.02      3.27         0      6.29       183       416     0.817     0.585     0.709     0.682      2.61      2.58         0
     84/99      6.1G      3.04      3.37         0      6.41       179       416     0.817     0.587      0.71     0.683      2.61      2.58         0
     85/99      6.1G      3.03      3.51         0      6.54       186       416     0.815     0.586     0.709     0.681      2.61      2.58         0
     86/99      6.1G      3.08      3.23         0      6.31       180       416     0.819     0.588     0.713     0.685      2.61      2.58         0
     87/99      6.1G      3.06      3.44         0       6.5       220       416     0.817     0.587      0.71     0.683      2.61      2.58         0
     88/99      6.1G      3.05      3.38         0      6.43       192       416     0.819     0.588     0.713     0.685      2.61      2.58         0
     89/99      6.1G      3.05      3.29         0      6.34       196       416     0.819     0.588     0.711     0.685      2.61      2.58         0
     90/99      6.1G      3.01       3.3         0      6.32       193       416     0.819     0.588     0.713     0.685      2.61      2.58         0
     91/99      6.1G      3.07      3.47         0      6.54       171       416     0.819     0.588     0.711     0.685      2.61      2.58         0
     92/99      6.1G      3.03      3.27         0       6.3       157       416     0.817     0.587     0.709     0.683      2.61      2.58         0
     93/99      6.1G      3.05      3.44         0      6.49       156       416     0.815     0.587     0.709     0.682      2.61      2.58         0
     94/99      6.1G      3.04      3.41         0      6.45       159       416     0.815     0.586     0.709     0.682      2.61      2.58         0
     95/99      6.1G      3.04      3.29         0      6.32       195       416     0.815     0.586     0.709     0.682      2.61      2.58         0
     96/99      6.1G      3.04      3.58         0      6.62       175       416     0.814     0.584     0.709      0.68      2.61      2.58         0
     97/99      6.1G      3.05      3.42         0      6.47       170       416     0.814     0.583     0.709     0.679      2.61      2.58         0
     98/99      6.1G      3.05      3.46         0      6.52       162       416     0.814     0.582     0.708     0.679      2.61      2.58         0
     99/99      6.1G      3.04      3.43         0      6.46       168       416     0.814     0.583     0.709     0.679      2.61      2.58         0
