      0/99     7.31G      4.93      12.5         0      17.4       139       416     0.244    0.0433    0.0488    0.0736      4.36      5.32         0
      1/99     10.2G      4.74      7.73         0      12.5       134       416     0.203    0.0341    0.0538    0.0583      4.22      4.74         0
      2/99     10.2G      4.58       8.3         0      12.9       186       416     0.223     0.101    0.0718     0.139      3.98      4.68         0
      3/99     10.2G      4.35      4.09         0      8.44       216       416     0.257     0.136    0.0961     0.178      3.89      2.86         0
      4/99     10.2G      4.29      3.75         0      8.04       202       416     0.346     0.121     0.132     0.179      3.85      2.47         0
      5/99     10.2G      4.24      3.53         0      7.77       145       416      0.34    0.0743     0.143     0.122      3.82      2.34         0
      6/99     10.2G       4.2      3.26         0      7.46       142       416     0.374    0.0604     0.159     0.104       3.8      2.29         0
      7/99     10.2G      4.23      3.23         0      7.45       142       416     0.441    0.0495     0.188    0.0891      3.78      2.26         0
      8/99     10.2G      4.15      3.33         0      7.48       141       416     0.493    0.0635     0.223     0.112      3.77      2.24         0
      9/99     10.2G      4.14      3.28         0      7.43       154       416     0.548    0.0863     0.252     0.149      3.75      2.22         0
     10/99     10.2G       4.1      3.38         0      7.48       143       416     0.629     0.121     0.286     0.203      3.72      2.22         0
     11/99     10.2G      4.07      3.32         0      7.38       156       416     0.735     0.211     0.361     0.327      3.71       2.2         0
     12/99     10.2G      4.07      3.25         0      7.33       143       416     0.738     0.248     0.388     0.372      3.66       2.2         0
     13/99     10.2G      4.01       3.2         0      7.21       135       416      0.74     0.273     0.408     0.399      3.62       2.2         0
     14/99     10.2G      3.95      3.48         0      7.43       191       416     0.705     0.282     0.412     0.403      3.59       2.2         0
     15/99     10.2G      3.97      3.33         0       7.3       188       416     0.696     0.298     0.416     0.417      3.56      2.19         0
     16/99     10.2G       3.9      3.43         0      7.33       154       416     0.652     0.317     0.414     0.427      3.53      2.19         0
     17/99     10.2G      3.91      3.33         0      7.24       191       416     0.634     0.327     0.422     0.431      3.51      2.19         0
     18/99     10.2G      3.86      3.46         0      7.33       166       416     0.628     0.332     0.437     0.435      3.49       2.2         0
     19/99     10.2G      3.84      3.28         0      7.12       192       416     0.647      0.35     0.454     0.454      3.45       2.2         0
     20/99     10.2G      3.85      3.55         0      7.41       198       416     0.658     0.368     0.474     0.472      3.42      2.21         0
     21/99     10.2G      3.79      3.46         0      7.25       174       416      0.66     0.376     0.481     0.479      3.39      2.21         0
     22/99     10.2G      3.76      3.52         0      7.29       195       416      0.66     0.379     0.493     0.482      3.37      2.21         0
     23/99     10.2G      3.71      3.42         0      7.13       203       416     0.656     0.383     0.499     0.484      3.34      2.21         0
     24/99     10.2G      3.73      3.37         0       7.1       147       416     0.676     0.394     0.513     0.498      3.31      2.21         0
     25/99     10.2G      3.68      3.41         0      7.09       193       416     0.673     0.398     0.519       0.5      3.29      2.21         0
     26/99     10.2G      3.69      3.28         0      6.96       178       416     0.671     0.407     0.521     0.506      3.26      2.21         0
     27/99     10.2G      3.67      3.57         0      7.24       218       416     0.671     0.412     0.522      0.51      3.24      2.22         0
     28/99     10.2G      3.64       3.3         0      6.94       138       416      0.68     0.421     0.532      0.52      3.22      2.22         0
     29/99     10.2G      3.63      3.43         0      7.06       182       416     0.688     0.423      0.54     0.523      3.21      2.21         0
     30/99     10.2G      3.56      3.32         0      6.88       162       416     0.716     0.434     0.557     0.541       3.2      2.21         0
     31/99     10.2G      3.56      3.24         0       6.8       127       416     0.714     0.435     0.561      0.54      3.18      2.21         0
     32/99     10.2G      3.56      3.52         0      7.08       164       416     0.705     0.444     0.571     0.545      3.15      2.22         0
     33/99     10.2G      3.51      3.21         0      6.72       145       416     0.704     0.453     0.576     0.552      3.14      2.22         0
     34/99     10.2G      3.53      3.33         0      6.86       118       416     0.706     0.455     0.579     0.553      3.13      2.22         0
     35/99     10.2G       3.5      3.49         0      6.99       144       416     0.708     0.465     0.585     0.561      3.12      2.22         0
     36/99     10.2G      3.51      3.49         0      6.99       228       416      0.71     0.471     0.593     0.566      3.09      2.22         0
     37/99     10.2G      3.48      3.37         0      6.85       127       416     0.723     0.474       0.6     0.572      3.08      2.21         0
     38/99     10.2G      3.49      3.32         0      6.81       208       416      0.74     0.479     0.609     0.582      3.08      2.21         0
     39/99     10.2G      3.46      3.57         0      7.03       152       416     0.756     0.477     0.617     0.585      3.08       2.2         0
     40/99     10.2G      3.42      3.39         0      6.81       169       416     0.756     0.479     0.627     0.586      3.05      2.21         0
     41/99     10.2G       3.4      3.41         0      6.81       125       416     0.759     0.481     0.636     0.589      3.03      2.21         0
     42/99     10.2G      3.39      3.48         0      6.87       147       416     0.767     0.486     0.637     0.595      3.03      2.21         0
     43/99     10.2G      3.39      3.49         0      6.88       217       416     0.768     0.491     0.638     0.599      3.02       2.2         0
     44/99     10.2G       3.4      3.18         0      6.58       152       416     0.764     0.491     0.636     0.598         3       2.2         0
     45/99     10.2G      3.35      3.46         0      6.81       201       416     0.771     0.492      0.64     0.601      2.98      2.21         0
     46/99     10.2G      3.32      3.45         0      6.77       183       416     0.778     0.493     0.645     0.603      2.97       2.2         0
     47/99     10.2G      3.33      3.29         0      6.63       180       416     0.786     0.498     0.653      0.61      2.97       2.2         0
     48/99     10.2G      3.31      3.57         0      6.88       183       416     0.791     0.505     0.655     0.616      2.96       2.2         0
     49/99     10.2G      3.29      3.44         0      6.74       145       416     0.789     0.506     0.656     0.617      2.95       2.2         0
     50/99     10.2G      3.26       3.5         0      6.76       168       416     0.787     0.512     0.663     0.621      2.93       2.2         0
     51/99     10.2G      3.26      3.32         0      6.58       153       416     0.784     0.523     0.668     0.628      2.92       2.2         0
     52/99     10.2G      3.28      3.37         0      6.64       184       416     0.782     0.528     0.664      0.63      2.91       2.2         0
     53/99     10.2G      3.27      3.47         0      6.74       165       416     0.794     0.533     0.673     0.637       2.9       2.2         0
     54/99     10.2G      3.28      3.46         0      6.75       187       416       0.8     0.538     0.672     0.643      2.89       2.2         0
     55/99     10.2G      3.22      3.32         0      6.54       162       416     0.798     0.537     0.671     0.642      2.88       2.2         0
     56/99     10.2G      3.25      3.57         0      6.83       211       416       0.8      0.54     0.676     0.645      2.87       2.2         0
     57/99     10.2G      3.24      3.49         0      6.73       181       416     0.807     0.539     0.676     0.646      2.85       2.2         0
     58/99     10.2G      3.24      3.24         0      6.48       152       416     0.808     0.539     0.674     0.647      2.84       2.2         0
     59/99     10.2G      3.24      3.54         0      6.79       193       416     0.804     0.538     0.669     0.645      2.84       2.2         0
     60/99     10.2G      3.21      3.48         0      6.69       173       416       0.8     0.539     0.672     0.644      2.84       2.2         0
     61/99     10.2G      3.25      3.32         0      6.57       166       416     0.803      0.54     0.676     0.646      2.83       2.2         0
     62/99     10.2G      3.22      3.48         0       6.7       214       416     0.803      0.54     0.677     0.646      2.82       2.2         0
     63/99     10.2G      3.18      3.31         0      6.49       145       416     0.804      0.54     0.681     0.646      2.81       2.2         0
     64/99     10.2G      3.14      3.37         0      6.51       174       416     0.817     0.545     0.689     0.654       2.8       2.2         0
     65/99     10.2G      3.19      3.42         0      6.61       191       416     0.806     0.545     0.686      0.65      2.79       2.2         0
     66/99     10.2G       3.2       3.4         0       6.6       185       416     0.812     0.548     0.689     0.654      2.79       2.2         0
     67/99     10.2G      3.15      3.44         0       6.6       160       416     0.812     0.547     0.687     0.653      2.78       2.2         0
     68/99     10.2G      3.16      3.47         0      6.63       167       416     0.813      0.55     0.689     0.656      2.78       2.2         0
     69/99     10.2G      3.17      3.38         0      6.55       159       416     0.815     0.551      0.69     0.658      2.77       2.2         0
     70/99     10.2G      3.16      3.45         0      6.61       143       416     0.817     0.552     0.691     0.658      2.77       2.2         0
     71/99     10.2G      3.12      3.25         0      6.37       157       416     0.813     0.553     0.693     0.659      2.77       2.2         0
     72/99     10.2G      3.15      3.43         0      6.58       190       416     0.807     0.553     0.691     0.656      2.76       2.2         0
     73/99     10.2G      3.14      3.23         0      6.37       159       416     0.808     0.555     0.692     0.658      2.76       2.2         0
     74/99     10.2G      3.14      3.46         0       6.6       148       416     0.804     0.553     0.691     0.655      2.75      2.19         0
     75/99     10.2G      3.15      3.46         0      6.62       141       416     0.804     0.553      0.69     0.656      2.75      2.19         0
     76/99     10.2G      3.17      3.44         0      6.61       142       416     0.809     0.554     0.693     0.658      2.74      2.19         0
     77/99     10.2G      3.13      3.33         0      6.45       181       416     0.815     0.554     0.694      0.66      2.74      2.19         0
     78/99     10.2G      3.12      3.39         0      6.51       167       416     0.807     0.551      0.69     0.655      2.74      2.19         0
     79/99     10.2G      3.17      3.38         0      6.56       186       416     0.805     0.549     0.692     0.653      2.73      2.19         0
     80/99     10.2G      3.15      3.39         0      6.54       160       416     0.803     0.548     0.687     0.651      2.73      2.19         0
     81/99     10.2G      3.11       3.4         0      6.51       204       416     0.803     0.548     0.688     0.651      2.73      2.19         0
     82/99     10.2G      3.13      3.36         0      6.49       169       416     0.806      0.55     0.691     0.654      2.73      2.19         0
     83/99     10.2G       3.1      3.36         0      6.46       183       416     0.806      0.55     0.689     0.653      2.73      2.19         0
     84/99     10.2G      3.12      3.49         0      6.61       179       416     0.804      0.55     0.688     0.653      2.73      2.19         0
     85/99     10.2G      3.11      3.56         0      6.67       186       416     0.801      0.55     0.689     0.652      2.72      2.19         0
     86/99     10.2G      3.13       3.2         0      6.33       180       416     0.801      0.55     0.689     0.652      2.72      2.19         0
     87/99     10.2G      3.16      3.52         0      6.68       220       416     0.799     0.548     0.688      0.65      2.72      2.19         0
     88/99     10.2G      3.12      3.49         0       6.6       192       416     0.799     0.548     0.687      0.65      2.72      2.19         0
     89/99     10.2G      3.13      3.39         0      6.52       196       416     0.799     0.548     0.688      0.65      2.72      2.19         0
     90/99     10.2G      3.09      3.34         0      6.43       193       416     0.797     0.548     0.688     0.649      2.72      2.19         0
     91/99     10.2G      3.14      3.52         0      6.66       171       416     0.795     0.548     0.687     0.649      2.72      2.19         0
     92/99     10.2G       3.1      3.32         0      6.42       157       416     0.794     0.548     0.687     0.648      2.72      2.19         0
     93/99     10.2G      3.12      3.53         0      6.66       156       416     0.794     0.548     0.686     0.648      2.72      2.19         0
     94/99     10.2G      3.11      3.48         0      6.58       159       416     0.798     0.549     0.687      0.65      2.72      2.19         0
     95/99     10.2G       3.1      3.32         0      6.42       195       416     0.799     0.549     0.686     0.651      2.72      2.19         0
     96/99     10.2G      3.13      3.64         0      6.77       175       416     0.799     0.548     0.688      0.65      2.72      2.19         0
     97/99     10.2G      3.12      3.41         0      6.53       170       416     0.799     0.548     0.688      0.65      2.72      2.19         0
     98/99     10.2G      3.12       3.5         0      6.63       162       416     0.796     0.546     0.687     0.648      2.72      2.19         0
     99/99     10.2G      3.11      3.41         0      6.52       168       416     0.796     0.546     0.687     0.648      2.72      2.19         0
