      0/99     1.91G      4.86        11         0      15.8        68       416      0.16   0.00774    0.0461    0.0148      4.29      6.63         0
      1/99     4.09G       4.6      7.32         0      11.9        57       416     0.289    0.0449    0.0826    0.0777      4.03       5.8         0
      2/99     4.09G       4.3      6.58         0      10.9        64       416     0.248    0.0699     0.121     0.109       3.8      4.86         0
      3/99     4.09G      4.16      3.12         0      7.27        92       416     0.285     0.101      0.15     0.149      3.76      2.73         0
      4/99     4.09G      4.13      2.79         0      6.92        91       416     0.485    0.0582     0.191     0.104       3.7      2.61         0
      5/99     4.09G      4.06      2.83         0       6.9        82       416     0.444    0.0605     0.207     0.107      3.64      2.62         0
      6/99     4.09G      4.06      2.62         0      6.67        66       416     0.531    0.0841     0.245     0.145       3.6       2.6         0
      7/99     4.09G      4.05      2.68         0      6.73        65       416     0.617     0.104      0.29     0.178      3.55      2.59         0
      8/99     4.09G      3.98      2.78         0      6.76        60       416      0.65      0.13     0.303     0.217      3.52      2.59         0
      9/99     4.09G      3.94      2.77         0      6.71        95       416     0.662     0.142     0.322     0.234      3.48      2.59         0
     10/99     4.09G      3.92       2.8         0      6.72        74       416     0.688      0.15     0.342     0.247      3.45      2.59         0
     11/99     4.09G      3.83      2.78         0      6.61       111       416     0.709     0.162     0.357     0.264      3.42       2.6         0
     12/99     4.09G      3.87      2.77         0      6.64        82       416      0.71     0.178     0.382     0.285       3.4      2.59         0
     13/99     4.09G       3.8      2.78         0      6.59        72       416     0.703     0.195     0.398     0.305      3.37       2.6         0
     14/99     4.09G      3.75      2.86         0      6.61        39       416     0.729     0.221     0.418      0.34      3.33      2.61         0
     15/99     4.09G      3.79      2.79         0      6.58        78       416     0.725     0.238     0.431     0.359       3.3      2.61         0
     16/99     4.09G      3.69      2.88         0      6.57        63       416      0.74     0.259     0.452     0.383      3.28      2.61         0
     17/99     4.09G      3.69      2.77         0      6.46        49       416     0.755     0.276     0.467     0.404      3.25      2.61         0
     18/99     4.09G      3.67      2.92         0       6.6        88       416     0.778     0.315     0.486     0.449      3.24       2.6         0
     19/99     4.09G      3.63      2.82         0      6.45        96       416      0.76     0.334     0.489     0.464      3.21      2.61         0
     20/99     4.09G      3.64      2.96         0      6.61        70       416      0.75     0.339     0.497     0.467      3.18      2.61         0
     21/99     4.09G      3.57      2.96         0      6.53        46       416     0.773     0.364     0.516     0.495      3.17      2.61         0
     22/99     4.09G      3.55      3.01         0      6.56       120       416      0.78     0.372     0.532     0.503      3.14      2.61         0
     23/99     4.09G      3.51      2.88         0      6.38        82       416     0.786     0.379     0.539     0.512      3.13      2.61         0
     24/99     4.09G      3.52      2.92         0      6.44        72       416     0.786     0.387     0.553     0.518       3.1      2.61         0
     25/99     4.09G      3.47      2.86         0      6.33        50       416     0.779     0.394     0.559     0.523      3.06      2.62         0
     26/99     4.09G      3.45      2.79         0      6.24        66       416     0.789     0.399      0.57      0.53      3.07      2.61         0
     27/99     4.09G      3.45      2.97         0      6.42        94       416     0.794     0.411     0.576     0.542      3.03      2.62         0
     28/99     4.09G      3.43      2.85         0      6.28        67       416     0.785     0.413     0.581     0.542      3.01      2.62         0
     29/99     4.09G      3.41      2.98         0      6.39        63       416     0.784     0.423     0.587     0.549      3.01      2.62         0
     30/99     4.09G      3.36      2.84         0       6.2        50       416     0.791     0.433     0.594      0.56      2.97      2.63         0
     31/99     4.09G      3.36      2.85         0      6.21       100       416     0.795     0.431     0.602     0.559      2.96      2.62         0
     32/99     4.09G      3.36      2.98         0      6.34        73       416     0.795     0.438     0.609     0.565      2.94      2.63         0
     33/99     4.09G      3.32       2.8         0      6.12        95       416      0.78      0.45     0.611     0.571      2.92      2.63         0
     34/99     4.09G      3.32       2.9         0      6.22        53       416     0.781     0.455     0.619     0.575       2.9      2.63         0
     35/99     4.09G       3.3      3.02         0      6.32       102       416     0.785     0.463     0.625     0.583      2.87      2.63         0
     36/99     4.09G      3.32      2.98         0       6.3        94       416     0.791     0.467     0.631     0.588      2.86      2.63         0
     37/99     4.09G       3.3      2.96         0      6.27        80       416     0.792     0.477     0.637     0.595      2.85      2.63         0
     38/99     4.09G       3.3      2.85         0      6.16        68       416     0.786     0.473      0.64     0.591      2.84      2.63         0
     39/99     4.09G      3.28      3.08         0      6.36       100       416     0.797     0.474     0.645     0.595      2.83      2.63         0
     40/99     4.09G      3.23      2.93         0      6.16        60       416     0.793     0.485     0.652     0.602      2.81      2.63         0
     41/99     4.09G      3.23      2.96         0      6.19        75       416     0.788     0.486     0.653     0.601       2.8      2.63         0
     42/99     4.09G      3.23      3.03         0      6.26        88       416     0.782     0.489     0.653     0.602      2.78      2.63         0
     43/99     4.09G      3.23      2.97         0       6.2        78       416     0.791     0.488     0.652     0.603      2.78      2.63         0
     44/99     4.09G      3.21      2.76         0      5.97        68       416     0.792     0.489     0.656     0.605      2.75      2.63         0
     45/99     4.09G      3.19      2.95         0      6.14       108       416     0.787     0.493      0.66     0.607      2.75      2.63         0
     46/99     4.09G      3.16      2.96         0      6.12        67       416     0.794     0.497     0.663     0.611      2.74      2.63         0
     47/99     4.09G      3.17      2.77         0      5.95        54       416     0.788     0.498     0.662     0.611      2.72      2.63         0
     48/99     4.09G      3.15      3.02         0      6.17        86       416     0.799     0.499     0.668     0.614      2.72      2.63         0
     49/99     4.09G      3.14      2.98         0      6.12        50       416     0.786     0.513     0.671     0.621      2.71      2.63         0
     50/99     4.09G       3.1      2.97         0      6.07        64       416     0.781     0.515     0.672     0.621       2.7      2.63         0
     51/99     4.09G      3.12      2.95         0      6.06        43       416     0.784     0.523     0.678     0.628      2.69      2.63         0
     52/99     4.09G      3.11      2.81         0      5.92        84       416     0.788     0.514     0.671     0.622      2.68      2.63         0
     53/99     4.09G      3.13      3.01         0      6.14        69       416     0.798     0.515     0.678     0.626      2.68      2.63         0
     54/99     4.09G      3.13      2.99         0      6.12        55       416     0.799     0.524     0.683     0.633      2.67      2.63         0
     55/99     4.09G      3.09       2.9         0      5.99        88       416     0.808     0.526     0.685     0.637      2.66      2.63         0
     56/99     4.09G      3.13      2.96         0      6.09        72       416     0.793     0.534     0.683     0.638      2.65      2.63         0
     57/99     4.09G      3.12      2.96         0      6.08        72       416     0.797     0.536     0.684     0.641      2.65      2.63         0
     58/99     4.09G       3.1      2.85         0      5.94        43       416     0.796     0.539     0.685     0.643      2.64      2.63         0
     59/99     4.09G       3.1      3.05         0      6.15        69       416     0.794     0.542     0.687     0.644      2.64      2.62         0
     60/99     4.09G      3.08      3.01         0      6.09       111       416       0.8     0.543     0.685     0.647      2.63      2.63         0
     61/99     4.09G      3.12      2.84         0      5.96        43       416     0.794     0.542     0.685     0.644      2.62      2.63         0
     62/99     4.09G      3.08      2.96         0      6.04        77       416     0.801     0.542     0.687     0.647      2.62      2.63         0
     63/99     4.09G      3.08      2.89         0      5.97        59       416     0.801     0.548      0.69     0.651      2.61      2.63         0
     64/99     4.09G      3.04      2.85         0      5.89        55       416       0.8      0.55     0.691     0.652      2.61      2.63         0
     65/99     4.09G      3.08       2.9         0      5.98        87       416     0.791     0.551     0.693      0.65       2.6      2.63         0
     66/99     4.09G      3.09      2.95         0      6.04        62       416     0.795     0.553     0.697     0.652       2.6      2.62         0
     67/99     4.09G      3.04      2.96         0         6        80       416     0.792     0.554     0.698     0.652      2.59      2.62         0
     68/99     4.09G      3.03      3.01         0      6.04        70       416       0.8     0.554     0.701     0.655      2.59      2.62         0
     69/99     4.09G      3.04      2.86         0      5.91        49       416     0.793     0.554     0.698     0.653      2.59      2.62         0
     70/99     4.09G      3.05      3.02         0      6.07        71       416     0.801     0.554     0.699     0.655      2.58      2.62         0
     71/99     4.09G      3.01      2.85         0      5.86        88       416       0.8     0.554       0.7     0.655      2.58      2.62         0
     72/99     4.09G      3.01      2.93         0      5.93        85       416     0.797     0.554     0.703     0.654      2.58      2.62         0
     73/99     4.09G      3.03      2.79         0      5.82        54       416     0.799     0.556     0.705     0.656      2.57      2.62         0
     74/99     4.09G      3.06      2.98         0      6.04       113       416     0.796     0.556     0.704     0.654      2.57      2.62         0
     75/99     4.09G      3.05      2.95         0      6.01        93       416     0.795     0.556     0.704     0.654      2.57      2.62         0
     76/99     4.09G      3.07      2.97         0      6.03        85       416     0.798     0.557     0.706     0.656      2.57      2.62         0
     77/99     4.09G         3      2.88         0      5.88        79       416     0.793     0.557     0.706     0.654      2.57      2.62         0
     78/99     4.09G         3      2.89         0      5.89        60       416     0.791     0.557     0.707     0.654      2.56      2.62         0
     79/99     4.09G      3.08      2.87         0      5.95        47       416     0.792     0.556     0.707     0.653      2.56      2.63         0
     80/99     4.09G      3.04      2.91         0      5.96        86       416     0.786     0.557     0.705     0.652      2.56      2.62         0
     81/99     4.09G      2.99      2.87         0      5.86        65       416     0.793     0.557     0.705     0.654      2.56      2.62         0
     82/99     4.09G      3.02      2.88         0       5.9        38       416     0.793     0.559     0.707     0.656      2.56      2.62         0
     83/99     4.09G      2.98      2.89         0      5.87        54       416     0.793     0.558     0.706     0.655      2.56      2.62         0
     84/99     4.09G         3      2.95         0      5.95        64       416      0.79     0.557     0.706     0.654      2.56      2.62         0
     85/99     4.09G      3.01      3.03         0      6.05        96       416     0.792     0.557     0.706     0.654      2.55      2.62         0
     86/99     4.09G      3.03      2.86         0      5.89        71       416     0.789     0.557     0.708     0.653      2.55      2.62         0
     87/99     4.09G      3.02      2.96         0      5.98       108       416      0.79     0.557     0.707     0.654      2.55      2.62         0
     88/99     4.09G      3.01       2.9         0      5.91        62       416      0.79     0.559     0.707     0.655      2.55      2.62         0
     89/99     4.09G      3.01      2.91         0      5.91        58       416     0.792     0.559     0.708     0.655      2.55      2.62         0
     90/99     4.09G         3      2.83         0      5.83        44       416     0.792      0.56     0.708     0.656      2.55      2.62         0
     91/99     4.09G      3.01      2.98         0      5.99        54       416      0.79      0.56     0.708     0.656      2.55      2.62         0
     92/99     4.09G      2.98      2.85         0      5.83        32       416     0.789      0.56     0.708     0.655      2.55      2.62         0
     93/99     4.09G      3.01      3.01         0      6.01        75       416     0.789     0.562     0.708     0.656      2.55      2.62         0
     94/99     4.09G      3.01      3.01         0      6.02        79       416     0.793      0.56     0.709     0.657      2.55      2.62         0
     95/99     4.09G      2.98      2.84         0      5.81        55       416     0.792      0.56     0.708     0.656      2.55      2.62         0
     96/99     4.09G      3.02      3.12         0      6.14        45       416     0.794     0.559     0.708     0.656      2.55      2.62         0
     97/99     4.09G      3.03      3.02         0      6.05       112       416     0.795     0.559     0.709     0.656      2.55      2.62         0
     98/99     4.09G      3.03      3.03         0      6.06       114       416     0.795     0.559     0.709     0.656      2.55      2.62         0
     99/99     4.09G      3.01         3         0      6.02        71       416     0.795     0.559     0.709     0.656      2.55      2.62         0
