      0/99      3.7G      4.72      10.3         0        15       139       416     0.249     0.458     0.162     0.323      3.81      4.22         0
      1/99      6.1G      3.88      5.99         0      9.87       134       416     0.315     0.591     0.261     0.411      3.28      3.94         0
      2/99      6.1G      3.34      5.41         0      8.76       186       416     0.301     0.585     0.231     0.398      3.26      3.02         0
      3/99      6.1G      2.76      3.18         0      5.95       216       416     0.613     0.779     0.679     0.686      2.76      2.19         0
      4/99      6.1G      2.85      2.71         0      5.56       202       416     0.663     0.754     0.737     0.706      2.79      1.94         0
      5/99      6.1G      2.53      2.76         0      5.29       145       416     0.655     0.771     0.769     0.708      2.63      1.85         0
      6/99      6.1G      2.38       2.5         0      4.88       142       416     0.194     0.738      0.37     0.307      3.84      2.84         0
      7/99      6.1G       2.4      2.42         0      4.82       142       416      0.25     0.856     0.529     0.387      3.58      2.67         0
      8/99      6.1G      2.19      2.38         0      4.56       141       416     0.349     0.924     0.637     0.507      2.53      2.12         0
      9/99      6.1G      2.08      2.27         0      4.34       154       416     0.391     0.938     0.704     0.552       2.4      1.99         0
     10/99      6.1G      1.95      2.28         0      4.23       143       416     0.439     0.944     0.763     0.599      2.12      1.86         0
     11/99      6.1G      1.95      2.11         0      4.07       156       416     0.503     0.944     0.769     0.656      2.21       1.6         0
     12/99      6.1G      1.85      2.04         0      3.89       143       416     0.476     0.954     0.794     0.635      2.21      1.65         0
     13/99      6.1G      1.89      2.02         0      3.92       135       416     0.581     0.944     0.818     0.719      2.12      1.49         0
     14/99      6.1G      1.81      2.01         0      3.81       191       416     0.619     0.952     0.907      0.75      1.93       1.4         0
     15/99      6.1G       1.8      1.92         0      3.72       188       416     0.652      0.96     0.918     0.777      1.79      1.32         0
     16/99      6.1G       1.8      1.91         0      3.71       154       416     0.842     0.947     0.955     0.891      1.62      1.27         0
     17/99      6.1G      1.64      1.82         0      3.46       191       416     0.876     0.949     0.956     0.911       1.6      1.25         0
     18/99      6.1G      1.67      1.91         0      3.59       166       416     0.814     0.958     0.948      0.88      1.53      1.27         0
     19/99      6.1G      1.62      1.77         0      3.39       192       416     0.893     0.957     0.967     0.924      1.59      1.22         0
     20/99      6.1G      1.64      1.87         0      3.51       198       416     0.881     0.952     0.967     0.915      1.51      1.17         0
     21/99      6.1G      1.56      1.81         0      3.37       174       416     0.902     0.954     0.965     0.927       1.4      1.17         0
     22/99      6.1G      1.52      1.78         0      3.29       195       416     0.905      0.95     0.965     0.927       1.5      1.14         0
     23/99      6.1G      1.52      1.72         0      3.24       203       416     0.928     0.954     0.976     0.941      1.51      1.17         0
     24/99      6.1G      1.47      1.72         0       3.2       147       416     0.925     0.952      0.97     0.938      1.43      1.17         0
     25/99      6.1G      1.48      1.76         0      3.24       193       416     0.888      0.96     0.969     0.923       1.3      1.12         0
     26/99      6.1G      1.43      1.68         0      3.11       178       416     0.917      0.96     0.973     0.938      1.18       1.1         0
     27/99      6.1G       1.4      1.75         0      3.14       218       416     0.831     0.964     0.951     0.892      1.35      1.12         0
     28/99      6.1G       1.4       1.6         0         3       138       416      0.94     0.952     0.972     0.946      1.47      1.13         0
     29/99      6.1G      1.37      1.75         0      3.12       182       416     0.916     0.962     0.974     0.938      1.34      1.11         0
     30/99      6.1G      1.36      1.65         0      3.02       162       416     0.933     0.963     0.976     0.947      1.18      1.09         0
     31/99      6.1G      1.24      1.62         0      2.86       127       416     0.903     0.967     0.977     0.934      1.23      1.09         0
     32/99      6.1G      1.29      1.68         0      2.97       164       416     0.931     0.966     0.976     0.948      1.19      1.05         0
     33/99      6.1G      1.22      1.52         0      2.74       145       416      0.93     0.966     0.976     0.948      1.23      1.07         0
     34/99      6.1G      1.24      1.55         0      2.79       118       416     0.947     0.961     0.979     0.954      1.24      1.14         0
     35/99      6.1G       1.3      1.64         0      2.94       144       416     0.948     0.958     0.977     0.953      1.33      1.09         0
     36/99      6.1G      1.21      1.55         0      2.77       228       416      0.94     0.964     0.978     0.952      1.09      1.03         0
     37/99      6.1G      1.24      1.61         0      2.85       127       416     0.938     0.966     0.978     0.952      1.09      1.04         0
     38/99      6.1G      1.21      1.58         0      2.79       208       416     0.927     0.966     0.981     0.946     0.996      1.01         0
     39/99      6.1G      1.19      1.59         0      2.78       152       416     0.943     0.963     0.977     0.953      1.02      1.02         0
     40/99      6.1G      1.11      1.52         0      2.63       169       416     0.939     0.958     0.982     0.949      1.06      1.03         0
     41/99      6.1G      1.16      1.57         0      2.73       125       416     0.942     0.956     0.983     0.949      1.01     0.997         0
     42/99      6.1G      1.12      1.56         0      2.68       147       416     0.941     0.966     0.979     0.953         1      1.01         0
     43/99      6.1G       1.1      1.54         0      2.64       217       416     0.955     0.964      0.98      0.96         1      1.01         0
     44/99      6.1G      1.05      1.43         0      2.48       152       416     0.957      0.96     0.984     0.958      1.04     0.992         0
     45/99      6.1G      1.07      1.51         0      2.57       201       416      0.96     0.961     0.985     0.961     0.905     0.981         0
     46/99      6.1G      1.06       1.5         0      2.57       183       416     0.959     0.963     0.985     0.961     0.911      1.01         0
     47/99      6.1G      1.02      1.45         0      2.47       180       416     0.953     0.961     0.984     0.957     0.989     0.987         0
     48/99      6.1G      1.08      1.52         0      2.59       183       416     0.962      0.96     0.985     0.961     0.945     0.972         0
     49/99      6.1G      1.01      1.46         0      2.46       145       416     0.961     0.961     0.979     0.961     0.902     0.961         0
     50/99      6.1G      1.01      1.52         0      2.53       168       416     0.958     0.964     0.979     0.961     0.869      0.96         0
     51/99      6.1G     0.985      1.46         0      2.44       153       416     0.965     0.967     0.987     0.966     0.852     0.936         0
     52/99      6.1G     0.981      1.43         0      2.41       184       416     0.961     0.964     0.987     0.963     0.877     0.942         0
     53/99      6.1G     0.982      1.46         0      2.44       165       416     0.953     0.966     0.985     0.959     0.892     0.958         0
     54/99      6.1G     0.974      1.45         0      2.42       187       416     0.961     0.966      0.98     0.964     0.854     0.941         0
     55/99      6.1G     0.927      1.38         0      2.31       162       416      0.96     0.966      0.98     0.963     0.827     0.931         0
     56/99      6.1G      0.95      1.47         0      2.42       211       416     0.958     0.966     0.987     0.962     0.842      0.94         0
     57/99      6.1G     0.966      1.44         0      2.41       181       416      0.95     0.964     0.985     0.957     0.848     0.927         0
     58/99      6.1G     0.916      1.37         0      2.28       152       416     0.961     0.964     0.987     0.963     0.877     0.938         0
     59/99      6.1G      0.93      1.45         0      2.38       193       416     0.955     0.967     0.986     0.961      0.82     0.923         0
     60/99      6.1G     0.934       1.4         0      2.33       173       416     0.961     0.966     0.987     0.963     0.873     0.944         0
     61/99      6.1G     0.937      1.38         0      2.31       166       416     0.957     0.969     0.987     0.963     0.857     0.928         0
     62/99      6.1G     0.931      1.42         0      2.35       214       416     0.962     0.969     0.987     0.965     0.828     0.916         0
     63/99      6.1G     0.903      1.35         0      2.25       145       416     0.963     0.968      0.98     0.966     0.832     0.914         0
     64/99      6.1G     0.885      1.34         0      2.22       174       416     0.962     0.966     0.981     0.964     0.803     0.903         0
     65/99      6.1G     0.889      1.34         0      2.23       191       416     0.964     0.967     0.987     0.966     0.805     0.914         0
     66/99      6.1G     0.911      1.36         0      2.28       185       416     0.965     0.968     0.988     0.966     0.795     0.906         0
     67/99      6.1G     0.877      1.35         0      2.23       160       416     0.969     0.969     0.988     0.969      0.81     0.903         0
     68/99      6.1G     0.895      1.38         0      2.28       167       416     0.967     0.967     0.988     0.967     0.832       0.9         0
     69/99      6.1G     0.893      1.35         0      2.24       159       416     0.967     0.967     0.986     0.967     0.805     0.883         0
     70/99      6.1G     0.881      1.37         0      2.25       143       416     0.966     0.966     0.988     0.966     0.787     0.878         0
     71/99      6.1G     0.874      1.35         0      2.22       157       416     0.967     0.967     0.981     0.967     0.788     0.886         0
     72/99      6.1G     0.887      1.34         0      2.22       190       416     0.966     0.967     0.981     0.967     0.799     0.898         0
     73/99      6.1G     0.877      1.31         0      2.19       159       416     0.965     0.968     0.981     0.966     0.778     0.892         0
     74/99      6.1G      0.87      1.35         0      2.22       148       416     0.967     0.966     0.987     0.967     0.779     0.882         0
     75/99      6.1G     0.878      1.37         0      2.25       141       416     0.964     0.965     0.982     0.965     0.778     0.871         0
     76/99      6.1G     0.883      1.36         0      2.24       142       416     0.966     0.963     0.981     0.965     0.773     0.869         0
     77/99      6.1G     0.849      1.33         0      2.18       181       416     0.964     0.964     0.981     0.964     0.775      0.88         0
     78/99      6.1G     0.865      1.34         0       2.2       167       416     0.964     0.964     0.981     0.964     0.782     0.878         0
     79/99      6.1G     0.892      1.38         0      2.27       186       416     0.967     0.964     0.981     0.966     0.785     0.872         0
     80/99      6.1G     0.871      1.37         0      2.24       160       416     0.966     0.966     0.987     0.966     0.775     0.871         0
     81/99      6.1G     0.844      1.32         0      2.16       204       416     0.966     0.964     0.987     0.965     0.772     0.877         0
     82/99      6.1G     0.875      1.34         0      2.21       169       416     0.966     0.964     0.987     0.965     0.771     0.878         0
     83/99      6.1G     0.837      1.32         0      2.16       183       416     0.965     0.964     0.987     0.965     0.785     0.884         0
     84/99      6.1G     0.875      1.31         0      2.19       179       416     0.964     0.964     0.987     0.964      0.78     0.887         0
     85/99      6.1G     0.857      1.35         0      2.21       186       416     0.964     0.964     0.987     0.964     0.778     0.884         0
     86/99      6.1G     0.865      1.29         0      2.15       180       416     0.964     0.964     0.987     0.964     0.773     0.881         0
     87/99      6.1G     0.847       1.3         0      2.14       220       416     0.964     0.964     0.987     0.964     0.771     0.875         0
     88/99      6.1G     0.853      1.32         0      2.17       192       416     0.964     0.965     0.987     0.965     0.777     0.879         0
     89/99      6.1G     0.841      1.33         0      2.17       196       416     0.964     0.966     0.987     0.965     0.769     0.877         0
     90/99      6.1G     0.837       1.3         0      2.13       193       416     0.964     0.966     0.987     0.965     0.773     0.879         0
     91/99      6.1G     0.873      1.37         0      2.25       171       416     0.964     0.966     0.987     0.965      0.77     0.879         0
     92/99      6.1G     0.837       1.3         0      2.13       157       416     0.964     0.966     0.987     0.965     0.773      0.88         0
     93/99      6.1G      0.87      1.35         0      2.22       156       416     0.964     0.965     0.987     0.965     0.769     0.879         0
     94/99      6.1G     0.852      1.36         0      2.22       159       416     0.964     0.966     0.987     0.965     0.773      0.88         0
     95/99      6.1G     0.837      1.28         0      2.11       195       416     0.964     0.966     0.987     0.965     0.769     0.879         0
     96/99      6.1G     0.866      1.37         0      2.23       175       416     0.965     0.966     0.987     0.966     0.768     0.879         0
     97/99      6.1G     0.846      1.34         0      2.18       170       416     0.965     0.966     0.987     0.966     0.768     0.879         0
     98/99      6.1G     0.851      1.34         0      2.19       162       416     0.965     0.966     0.987     0.965     0.769     0.879         0
     99/99      6.1G     0.862      1.37         0      2.24       168       416     0.965     0.966     0.987     0.965     0.769     0.879         0
