      0/99     1.91G      4.42      8.26         0      12.7        68       416     0.314     0.556     0.277     0.401      3.47      4.63         0
      1/99     4.09G      3.41      5.06         0      8.47        57       416     0.475     0.735     0.531     0.577      2.63      3.63         0
      2/99     4.09G      2.81      4.04         0      6.85        64       416     0.519     0.748     0.545     0.612      2.54      2.89         0
      3/99     4.09G      2.26      2.83         0      5.09        92       416     0.279     0.748     0.455     0.407       3.1      2.52         0
      4/99     4.09G      2.17      2.47         0      4.64        91       416     0.203     0.867     0.479     0.329      3.06      3.41         0
      5/99     4.09G      2.11      2.41         0      4.52        82       416     0.406     0.902      0.73      0.56       2.3      2.12         0
      6/99     4.09G      1.94       2.2         0      4.14        66       416     0.375     0.921     0.699     0.533      2.56       2.2         0
      7/99     4.09G       1.8      2.22         0      4.02        65       416      0.59     0.938     0.837     0.724       1.9      1.87         0
      8/99     4.09G      1.78      2.16         0      3.94        60       416     0.728     0.937     0.896     0.819      1.74      1.72         0
      9/99     4.09G       1.7      2.04         0      3.74        95       416      0.73     0.949     0.925     0.825      1.64      1.68         0
     10/99     4.09G      1.66      2.05         0      3.72        74       416     0.756     0.947     0.925     0.841      1.76      1.62         0
     11/99     4.09G      1.65      1.93         0      3.57       111       416     0.868     0.941     0.948     0.903      1.46      1.54         0
     12/99     4.09G      1.59       1.9         0      3.49        82       416     0.823     0.944     0.949      0.88      1.54      1.55         0
     13/99     4.09G      1.59      1.89         0      3.48        72       416     0.914      0.94     0.962     0.927       1.3      1.52         0
     14/99     4.09G      1.54      1.87         0      3.41        39       416     0.911     0.944     0.966     0.927      1.49      1.48         0
     15/99     4.09G      1.52      1.79         0      3.32        78       416      0.84     0.952     0.949     0.893      1.59      1.46         0
     16/99     4.09G      1.46       1.8         0      3.26        63       416     0.897      0.96      0.97     0.927      1.46      1.47         0
     17/99     4.09G      1.42      1.74         0      3.16        49       416     0.906     0.953     0.958     0.929      1.17      1.43         0
     18/99     4.09G      1.36       1.8         0      3.16        88       416     0.923      0.96     0.971     0.941      1.47      1.45         0
     19/99     4.09G      1.34      1.69         0      3.03        96       416     0.857     0.955     0.946     0.903      1.29      1.39         0
     20/99     4.09G      1.37      1.79         0      3.16        70       416     0.898     0.952     0.965     0.924      1.07      1.34         0
     21/99     4.09G      1.27      1.75         0      3.02        46       416     0.911     0.958     0.978     0.934      1.13      1.35         0
     22/99     4.09G      1.28      1.74         0      3.03       120       416     0.931     0.963     0.971     0.947      1.05      1.33         0
     23/99     4.09G      1.25      1.65         0       2.9        82       416     0.934     0.957     0.968     0.945      1.06      1.33         0
     24/99     4.09G      1.25      1.69         0      2.94        72       416     0.944     0.959     0.973     0.951      1.04      1.38         0
     25/99     4.09G      1.16      1.64         0      2.81        50       416     0.924     0.963      0.98     0.943     0.986      1.28         0
     26/99     4.09G      1.17      1.57         0      2.74        66       416     0.939     0.961     0.974      0.95      0.97       1.3         0
     27/99     4.09G       1.2      1.66         0      2.86        94       416     0.951     0.958     0.975     0.955      1.06      1.36         0
     28/99     4.09G      1.14      1.56         0       2.7        67       416     0.928      0.96      0.97     0.944       1.1      1.36         0
     29/99     4.09G      1.12      1.61         0      2.73        63       416     0.938     0.963     0.976      0.95     0.998       1.3         0
     30/99     4.09G       1.1      1.53         0      2.62        50       416     0.942     0.963     0.974     0.953     0.949      1.29         0
     31/99     4.09G      1.09      1.55         0      2.63       100       416     0.941     0.963     0.973     0.952     0.935      1.27         0
     32/99     4.09G       1.1      1.59         0      2.69        73       416      0.96     0.961     0.977     0.961     0.937      1.27         0
     33/99     4.09G      1.08      1.47         0      2.56        95       416     0.958      0.96     0.979     0.959      1.04      1.29         0
     34/99     4.09G      1.08      1.53         0      2.61        53       416     0.951     0.967     0.978     0.959     0.878      1.23         0
     35/99     4.09G      1.05      1.58         0      2.63       102       416     0.944      0.96     0.983     0.952     0.892      1.24         0
     36/99     4.09G      1.06      1.51         0      2.57        94       416     0.951     0.969     0.978      0.96     0.956      1.21         0
     37/99     4.09G      1.06      1.58         0      2.64        80       416     0.955     0.967     0.983     0.961     0.859      1.23         0
     38/99     4.09G      1.04       1.5         0      2.54        68       416     0.942     0.964     0.983     0.953     0.934      1.29         0
     39/99     4.09G      1.05      1.58         0      2.63       100       416     0.951     0.965      0.98     0.958     0.925      1.22         0
     40/99     4.09G      1.01      1.48         0      2.49        60       416     0.963      0.97      0.98     0.967     0.859      1.21         0
     41/99     4.09G     0.985       1.5         0      2.48        75       416     0.956     0.966     0.979     0.961     0.869      1.19         0
     42/99     4.09G     0.985      1.51         0       2.5        88       416     0.961     0.972     0.984     0.967     0.857      1.22         0
     43/99     4.09G     0.974      1.49         0      2.47        78       416     0.959     0.967     0.983     0.963     0.816       1.2         0
     44/99     4.09G     0.949      1.38         0      2.33        68       416     0.975     0.969     0.979     0.972     0.904       1.2         0
     45/99     4.09G     0.965      1.42         0      2.39       108       416     0.967     0.971     0.986     0.969     0.793      1.18         0
     46/99     4.09G     0.935      1.44         0      2.38        67       416     0.957     0.974     0.986     0.965     0.858      1.19         0
     47/99     4.09G     0.912      1.35         0      2.26        54       416      0.96      0.97      0.98     0.965      0.88      1.18         0
     48/99     4.09G     0.949      1.46         0      2.41        86       416     0.951     0.969      0.98      0.96     0.802      1.17         0
     49/99     4.09G     0.924       1.4         0      2.33        50       416      0.96     0.963      0.98     0.961     0.781      1.15         0
     50/99     4.09G      0.91      1.43         0      2.34        64       416     0.957     0.969     0.979     0.963     0.822      1.21         0
     51/99     4.09G     0.905      1.42         0      2.32        43       416     0.964     0.972      0.98     0.968     0.775      1.14         0
     52/99     4.09G     0.878      1.35         0      2.23        84       416     0.957     0.969      0.98     0.963      0.76      1.15         0
     53/99     4.09G     0.905      1.43         0      2.33        69       416      0.95     0.971      0.98      0.96     0.776      1.17         0
     54/99     4.09G     0.906      1.41         0      2.32        55       416     0.955     0.967     0.979     0.961     0.771      1.14         0
     55/99     4.09G     0.873      1.38         0      2.26        88       416     0.956     0.965     0.979      0.96     0.752      1.16         0
     56/99     4.09G     0.894      1.42         0      2.32        72       416     0.963     0.969     0.979     0.966      0.79      1.17         0
     57/99     4.09G     0.909       1.4         0      2.31        72       416      0.96     0.969      0.98     0.964     0.752      1.12         0
     58/99     4.09G     0.858      1.33         0      2.18        43       416     0.965     0.967     0.986     0.966     0.772      1.13         0
     59/99     4.09G     0.877      1.44         0      2.32        69       416      0.96     0.966     0.979     0.963     0.805      1.12         0
     60/99     4.09G      0.86      1.38         0      2.24       111       416      0.96     0.964     0.979     0.962     0.773      1.14         0
     61/99     4.09G     0.874      1.33         0      2.21        43       416     0.963     0.961      0.98     0.962     0.769      1.13         0
     62/99     4.09G     0.877      1.39         0      2.27        77       416     0.966     0.966     0.979     0.966     0.745      1.11         0
     63/99     4.09G     0.843       1.3         0      2.14        59       416     0.966     0.963     0.979     0.965     0.753      1.12         0
     64/99     4.09G     0.833      1.28         0      2.11        55       416     0.963     0.966     0.979     0.965     0.777      1.12         0
     65/99     4.09G      0.84       1.3         0      2.14        87       416     0.964     0.964     0.979     0.964     0.757      1.12         0
     66/99     4.09G     0.864      1.36         0      2.22        62       416     0.963     0.964      0.98     0.963      0.74      1.11         0
     67/99     4.09G     0.826      1.32         0      2.15        80       416     0.962     0.963     0.978     0.963     0.749      1.09         0
     68/99     4.09G     0.847      1.39         0      2.23        70       416     0.964     0.962     0.979     0.963     0.739       1.1         0
     69/99     4.09G     0.837      1.31         0      2.15        49       416     0.963     0.963     0.979     0.963     0.726      1.09         0
     70/99     4.09G     0.829      1.37         0       2.2        71       416     0.961     0.963     0.979     0.962     0.724       1.1         0
     71/99     4.09G     0.821      1.31         0      2.13        88       416     0.964     0.963     0.979     0.963     0.734      1.09         0
     72/99     4.09G     0.822      1.31         0      2.14        85       416     0.966     0.966      0.98     0.966     0.732       1.1         0
     73/99     4.09G     0.833       1.3         0      2.13        54       416     0.963     0.966     0.986     0.964     0.718      1.08         0
     74/99     4.09G     0.821      1.33         0      2.15       113       416     0.962     0.967     0.986     0.964     0.704      1.07         0
     75/99     4.09G     0.832      1.32         0      2.15        93       416     0.964     0.966     0.978     0.965     0.721      1.07         0
     76/99     4.09G     0.837      1.33         0      2.17        85       416     0.965      0.97     0.981     0.967     0.723      1.07         0
     77/99     4.09G     0.796      1.28         0      2.08        79       416     0.963      0.97     0.986     0.966     0.712      1.08         0
     78/99     4.09G     0.808      1.28         0      2.09        60       416     0.963     0.967      0.98     0.965     0.726      1.07         0
     79/99     4.09G      0.83      1.33         0      2.16        47       416     0.963     0.969     0.986     0.966     0.711      1.07         0
     80/99     4.09G      0.83      1.33         0      2.15        86       416     0.962     0.969     0.986     0.966     0.709      1.07         0
     81/99     4.09G     0.785      1.28         0      2.06        65       416     0.966     0.967      0.98     0.967     0.712      1.08         0
     82/99     4.09G      0.81      1.31         0      2.12        38       416     0.963     0.966     0.986     0.964     0.705      1.08         0
     83/99     4.09G     0.789      1.31         0       2.1        54       416     0.959     0.967     0.986     0.963     0.733      1.09         0
     84/99     4.09G     0.812      1.29         0       2.1        64       416      0.96     0.967      0.98     0.964     0.712      1.08         0
     85/99     4.09G      0.81      1.32         0      2.13        96       416     0.962     0.969      0.98     0.966     0.708      1.07         0
     86/99     4.09G       0.8      1.27         0      2.07        71       416     0.962     0.969      0.98     0.965     0.717      1.08         0
     87/99     4.09G     0.789      1.27         0      2.06       108       416     0.962     0.967      0.98     0.965     0.716      1.07         0
     88/99     4.09G     0.807      1.28         0      2.08        62       416     0.962     0.969      0.98     0.966     0.716      1.07         0
     89/99     4.09G     0.787      1.31         0      2.09        58       416     0.963     0.969      0.98     0.966     0.702      1.07         0
     90/99     4.09G     0.792      1.24         0      2.03        44       416     0.965     0.969     0.981     0.967     0.708      1.07         0
     91/99     4.09G     0.809      1.32         0      2.13        54       416     0.964     0.967     0.981     0.966     0.704      1.07         0
     92/99     4.09G     0.774      1.23         0      2.01        32       416     0.963     0.968      0.98     0.966     0.711      1.07         0
     93/99     4.09G     0.814      1.33         0      2.14        75       416     0.963     0.968     0.986     0.965     0.707      1.07         0
     94/99     4.09G     0.792      1.33         0      2.12        79       416     0.963     0.967     0.986     0.965     0.706      1.07         0
     95/99     4.09G     0.777      1.22         0         2        55       416     0.962     0.967     0.986     0.965     0.709      1.07         0
     96/99     4.09G     0.821      1.35         0      2.17        45       416     0.962     0.967     0.986     0.965     0.706      1.07         0
     97/99     4.09G     0.808      1.34         0      2.14       112       416     0.962     0.967      0.98     0.965     0.707      1.07         0
     98/99     4.09G     0.816      1.34         0      2.16       114       416     0.962     0.967      0.98     0.965     0.709      1.07         0
     99/99     4.09G     0.811      1.34         0      2.15        71       416     0.963     0.967     0.986     0.965     0.709      1.07         0
