      0/99     7.31G      4.84      11.4         0      16.2       139       416     0.261     0.106     0.096     0.151      4.07      3.81         0
      1/99     10.2G      4.41      6.27         0      10.7       134       416     0.181     0.152    0.0935     0.165      4.03      3.83         0
      2/99     10.2G      4.44      6.93         0      11.4       186       416     0.214     0.189    0.0937     0.201      3.99      3.84         0
      3/99     10.2G      3.95      3.75         0      7.71       216       416     0.617     0.262     0.349     0.368      3.53      2.25         0
      4/99     10.2G      3.75      3.53         0      7.27       202       416     0.645     0.438     0.535     0.522      3.31      2.23         0
      5/99     10.2G      3.59       3.5         0      7.09       145       416     0.541     0.567     0.585     0.554      3.23      2.23         0
      6/99     10.2G      3.41       3.3         0      6.72       142       416     0.582     0.611     0.626     0.596      3.04      2.22         0
      7/99     10.2G      3.34      3.28         0      6.62       142       416     0.667      0.59     0.646     0.626      2.89       2.2         0
      8/99     10.2G      3.11      3.36         0      6.48       141       416     0.689     0.631     0.687     0.659      2.73      2.16         0
      9/99     10.2G      3.01      3.33         0      6.34       154       416     0.611     0.662     0.629     0.635      2.76       2.2         0
     10/99     10.2G      2.97       3.4         0      6.37       143       416     0.624     0.663     0.626     0.643      2.72      2.16         0
     11/99     10.2G      2.89      3.31         0       6.2       156       416     0.237     0.279     0.109     0.256      3.42      2.13         0
     12/99     10.2G      2.82      3.23         0      6.05       143       416     0.494     0.607     0.546     0.545      3.16      1.91         0
     13/99     10.2G       2.7      3.11         0      5.81       135       416     0.486      0.67     0.575     0.563      3.11      1.93         0
     14/99     10.2G      2.63      3.25         0      5.88       191       416     0.463     0.666     0.548     0.546      3.19      1.88         0
     15/99     10.2G       2.6       3.1         0      5.69       188       416     0.456     0.653     0.534     0.537      3.23       1.8         0
     16/99     10.2G      2.52      3.08         0       5.6       154       416     0.466     0.642     0.446      0.54      2.98      1.87         0
     17/99     10.2G      2.54      2.95         0       5.5       191       416     0.474     0.624     0.441     0.539      2.84      1.82         0
     18/99     10.2G      2.45      3.02         0      5.47       166       416     0.509     0.666     0.524     0.577      2.75      1.79         0
     19/99     10.2G      2.34      2.79         0      5.13       192       416     0.548     0.694     0.608     0.612      2.63      1.74         0
     20/99     10.2G      2.37      2.99         0      5.36       198       416     0.501     0.741     0.582     0.598       2.7      1.66         0
     21/99     10.2G      2.29      2.81         0       5.1       174       416     0.468     0.752     0.565     0.577      2.69      1.63         0
     22/99     10.2G      2.26      2.78         0      5.04       195       416     0.459     0.796     0.592     0.582      2.59       1.6         0
     23/99     10.2G      2.19      2.65         0      4.84       203       416     0.397     0.834     0.587     0.538      2.61      1.67         0
     24/99     10.2G      2.22      2.61         0      4.83       147       416     0.325     0.893     0.629     0.477      2.47      1.88         0
     25/99     10.2G      2.13       2.6         0      4.74       193       416       0.3     0.898      0.64      0.45      2.41      1.98         0
     26/99     10.2G       2.1      2.52         0      4.62       178       416     0.296     0.902     0.674     0.446      2.32      2.02         0
     27/99     10.2G      2.12      2.65         0      4.77       218       416     0.331     0.912     0.741     0.485      2.11      1.95         0
     28/99     10.2G      2.07      2.46         0      4.53       138       416     0.318     0.899     0.645      0.47      2.51      1.95         0
     29/99     10.2G      2.09      2.52         0      4.61       182       416      0.35     0.885     0.658     0.502      2.46      1.86         0
     30/99     10.2G         2      2.41         0      4.41       162       416     0.376     0.899     0.696     0.531      2.35       1.8         0
     31/99     10.2G      1.99      2.38         0      4.37       127       416     0.413     0.899     0.738     0.566      2.18      1.75         0
     32/99     10.2G      1.97      2.53         0       4.5       164       416     0.444     0.909     0.778     0.597      2.01       1.7         0
     33/99     10.2G      1.91      2.31         0      4.21       145       416     0.459     0.907     0.805      0.61      1.96      1.68         0
     34/99     10.2G      1.92      2.38         0       4.3       118       416     0.471     0.912     0.812     0.621      1.93      1.65         0
     35/99     10.2G      1.94      2.46         0       4.4       144       416     0.472      0.91     0.798     0.622      1.92      1.61         0
     36/99     10.2G      1.96      2.44         0       4.4       228       416     0.473     0.906     0.798     0.621      2.05      1.61         0
     37/99     10.2G      1.92      2.39         0      4.31       127       416     0.507     0.909     0.824      0.65      1.98      1.58         0
     38/99     10.2G      1.91      2.35         0      4.26       208       416     0.541     0.913     0.828     0.679      1.98      1.56         0
     39/99     10.2G      1.89      2.44         0      4.33       152       416     0.547     0.915     0.838     0.685      1.93      1.53         0
     40/99     10.2G      1.83      2.33         0      4.16       169       416     0.548     0.915     0.844     0.686      1.85      1.49         0
     41/99     10.2G      1.83      2.33         0      4.16       125       416      0.55     0.912     0.845     0.686      1.88      1.49         0
     42/99     10.2G      1.82      2.35         0      4.17       147       416     0.576      0.91     0.851     0.706      1.86      1.45         0
     43/99     10.2G      1.85      2.37         0      4.22       217       416     0.634     0.907     0.868     0.746      1.94      1.45         0
     44/99     10.2G      1.81      2.19         0         4       152       416     0.661     0.902     0.882     0.763      1.81      1.39         0
     45/99     10.2G       1.8       2.3         0       4.1       201       416     0.669     0.901     0.881     0.768      1.83      1.38         0
     46/99     10.2G      1.79       2.3         0      4.08       183       416     0.675     0.898     0.885      0.77      1.85      1.38         0
     47/99     10.2G      1.76      2.21         0      3.97       180       416     0.696     0.899     0.889     0.785      1.75      1.34         0
     48/99     10.2G      1.79      2.34         0      4.13       183       416     0.699     0.904     0.892     0.788      1.73      1.34         0
     49/99     10.2G      1.73      2.24         0      3.96       145       416     0.707     0.907     0.897     0.794      1.71      1.33         0
     50/99     10.2G      1.74      2.29         0      4.03       168       416     0.723     0.907     0.903     0.805      1.67      1.31         0
     51/99     10.2G      1.73      2.17         0       3.9       153       416      0.73     0.906     0.906     0.808      1.66       1.3         0
     52/99     10.2G      1.73      2.18         0      3.91       184       416      0.75     0.907      0.91     0.821      1.68      1.29         0
     53/99     10.2G      1.73      2.24         0      3.97       165       416     0.763     0.907     0.914     0.829      1.67      1.28         0
     54/99     10.2G      1.76      2.24         0      3.99       187       416     0.773      0.91     0.916     0.836      1.67      1.28         0
     55/99     10.2G      1.68      2.15         0      3.83       162       416     0.775     0.915     0.918     0.839      1.64      1.27         0
     56/99     10.2G      1.72      2.26         0      3.98       211       416     0.781     0.912     0.919     0.842      1.61      1.25         0
     57/99     10.2G      1.73      2.21         0      3.94       181       416     0.786     0.912     0.921     0.845       1.6      1.25         0
     58/99     10.2G      1.69       2.1         0      3.79       152       416      0.79     0.907     0.924     0.845       1.6      1.25         0
     59/99     10.2G      1.72      2.24         0      3.95       193       416     0.792      0.91     0.923     0.847      1.62      1.25         0
     60/99     10.2G      1.69      2.16         0      3.85       173       416     0.804     0.909     0.924     0.853      1.61      1.24         0
     61/99     10.2G      1.72       2.1         0      3.82       166       416     0.805     0.907     0.923     0.853       1.6      1.24         0
     62/99     10.2G      1.73      2.17         0       3.9       214       416     0.813     0.907     0.927     0.858      1.58      1.23         0
     63/99     10.2G      1.65      2.07         0      3.72       145       416     0.826      0.91     0.928     0.866      1.58      1.22         0
     64/99     10.2G      1.66      2.06         0      3.72       174       416     0.825     0.909     0.927     0.865      1.59      1.22         0
     65/99     10.2G      1.67       2.1         0      3.77       191       416      0.83      0.91     0.928     0.869      1.56      1.22         0
     66/99     10.2G       1.7      2.09         0      3.79       185       416     0.835     0.912     0.932     0.872      1.55      1.21         0
     67/99     10.2G      1.65      2.12         0      3.76       160       416     0.837     0.912     0.932     0.873      1.56      1.21         0
     68/99     10.2G      1.67      2.15         0      3.82       167       416     0.834     0.912     0.932     0.871      1.56      1.21         0
     69/99     10.2G      1.68      2.12         0       3.8       159       416     0.834     0.912     0.932     0.871      1.54      1.21         0
     70/99     10.2G      1.67      2.14         0      3.81       143       416     0.836     0.915     0.935     0.874      1.53       1.2         0
     71/99     10.2G      1.62      2.04         0      3.67       157       416     0.838     0.913     0.936     0.874      1.54       1.2         0
     72/99     10.2G      1.67      2.11         0      3.78       190       416     0.832     0.913     0.934     0.871      1.53       1.2         0
     73/99     10.2G      1.64      2.03         0      3.67       159       416     0.839     0.915     0.935     0.876      1.53       1.2         0
     74/99     10.2G      1.66      2.11         0      3.76       148       416     0.838     0.915     0.936     0.875      1.51      1.19         0
     75/99     10.2G      1.66      2.11         0      3.77       141       416     0.841     0.917     0.937     0.878      1.51      1.19         0
     76/99     10.2G      1.68      2.11         0      3.79       142       416     0.841     0.915     0.936     0.876      1.52       1.2         0
     77/99     10.2G      1.63      2.03         0      3.66       181       416     0.841     0.916     0.937     0.877      1.51      1.19         0
     78/99     10.2G      1.63      2.06         0       3.7       167       416     0.845     0.915     0.938     0.878       1.5      1.19         0
     79/99     10.2G      1.68      2.09         0      3.77       186       416     0.845     0.916     0.939     0.879       1.5      1.19         0
     80/99     10.2G      1.66      2.09         0      3.75       160       416     0.848     0.916      0.94     0.881       1.5      1.19         0
     81/99     10.2G      1.63      2.07         0       3.7       204       416     0.849     0.916      0.94     0.881       1.5      1.19         0
     82/99     10.2G      1.65      2.07         0      3.72       169       416     0.849     0.916      0.94     0.881      1.49      1.18         0
     83/99     10.2G       1.6      2.09         0      3.69       183       416     0.844     0.914     0.938     0.878       1.5      1.18         0
     84/99     10.2G      1.67      2.09         0      3.76       179       416     0.848     0.916     0.938     0.881      1.49      1.18         0
     85/99     10.2G      1.64      2.14         0      3.78       186       416     0.849     0.916     0.939     0.881      1.49      1.18         0
     86/99     10.2G      1.64      1.98         0      3.61       180       416     0.846     0.916     0.938      0.88      1.49      1.18         0
     87/99     10.2G      1.67      2.08         0      3.75       220       416     0.849     0.916     0.939     0.881      1.49      1.18         0
     88/99     10.2G      1.65      2.11         0      3.76       192       416     0.846     0.916     0.939      0.88      1.49      1.18         0
     89/99     10.2G      1.62       2.1         0      3.73       196       416     0.846     0.916     0.939      0.88      1.49      1.18         0
     90/99     10.2G      1.62      2.04         0      3.66       193       416     0.845     0.916     0.938     0.879      1.49      1.18         0
     91/99     10.2G      1.66      2.13         0      3.79       171       416     0.846     0.917     0.938      0.88      1.49      1.18         0
     92/99     10.2G      1.62      2.01         0      3.63       157       416     0.846     0.917     0.938      0.88      1.48      1.18         0
     93/99     10.2G      1.66      2.13         0      3.79       156       416     0.845     0.918     0.938      0.88      1.48      1.18         0
     94/99     10.2G      1.65      2.12         0      3.76       159       416     0.845     0.918     0.938      0.88      1.48      1.18         0
     95/99     10.2G      1.62         2         0      3.62       195       416     0.845     0.918     0.938      0.88      1.48      1.18         0
     96/99     10.2G      1.67      2.16         0      3.83       175       416     0.845     0.915     0.938     0.878      1.48      1.18         0
     97/99     10.2G      1.63      2.09         0      3.73       170       416     0.844     0.915     0.938     0.878      1.48      1.18         0
     98/99     10.2G      1.65      2.11         0      3.75       162       416     0.843     0.915     0.938     0.878      1.48      1.18         0
     99/99     10.2G      1.64      2.09         0      3.73       168       416     0.843     0.915     0.938     0.878      1.48      1.18         0
