      0/99     14.5G      5.01      13.5         0      18.5       139       416     0.177    0.0449    0.0445    0.0716      4.62      6.11         0
      1/99     14.6G      4.93       7.7         0      12.6       134       416     0.257    0.0391    0.0547    0.0679      4.58      5.22         0
      2/99     14.6G      4.85      8.03         0      12.9       186       416     0.169    0.0511    0.0485    0.0785      4.42      5.14         0
      3/99     14.6G      4.65      3.79         0      8.43       216       416      0.18     0.065     0.063    0.0956      4.31      3.04         0
      4/99     14.6G      4.59      3.45         0      8.04       202       416     0.282    0.0728    0.0924     0.116      4.16      2.63         0
      5/99     14.6G       4.5      3.24         0      7.74       145       416     0.378    0.0697     0.115     0.118      4.06      2.47         0
      6/99     14.6G      4.39      2.99         0      7.37       142       416     0.397    0.0542     0.129    0.0953      3.97      2.41         0
      7/99     14.6G      4.38      2.95         0      7.33       142       416     0.412     0.048     0.146     0.086      3.91       2.4         0
      8/99     14.6G       4.3      2.99         0      7.29       141       416     0.416    0.0387     0.167    0.0708      3.87       2.4         0
      9/99     14.6G      4.25       3.1         0      7.35       154       416     0.469    0.0433     0.182    0.0794      3.89      2.38         0
     10/99     14.6G      4.23      3.07         0       7.3       143       416     0.476    0.0526     0.198    0.0948       3.9      2.35         0
     11/99     14.6G      4.21      3.04         0      7.24       156       416      0.52    0.0637     0.231     0.113      3.92      2.32         0
     12/99     14.6G      4.22      2.96         0      7.18       143       416     0.588    0.0929     0.266      0.16       3.9       2.3         0
     13/99     14.6G      4.18      2.96         0      7.13       135       416     0.649     0.132     0.285     0.219      3.88       2.3         0
     14/99     14.6G      4.13      3.15         0      7.27       191       416     0.661     0.146     0.303     0.239      3.86       2.3         0
     15/99     14.6G      4.15      3.09         0      7.24       188       416      0.65     0.155     0.319      0.25      3.83      2.31         0
     16/99     14.6G      4.07      3.19         0      7.26       154       416     0.636     0.169     0.338     0.267      3.78      2.33         0
     17/99     14.6G      4.09      3.08         0      7.17       191       416     0.659      0.18     0.352     0.282      3.74      2.34         0
     18/99     14.6G      4.07      3.17         0      7.23       166       416      0.68     0.184     0.362      0.29      3.69      2.35         0
     19/99     14.6G         4      3.06         0      7.07       192       416     0.671     0.189     0.375     0.295      3.65      2.35         0
     20/99     14.6G      4.02      3.25         0      7.27       198       416     0.679     0.206     0.396     0.316      3.61      2.35         0
     21/99     14.6G      3.98      3.15         0      7.13       174       416     0.683      0.22     0.404     0.333      3.58      2.34         0
     22/99     14.6G      3.93      3.24         0      7.17       195       416     0.741     0.336     0.461     0.462      3.58      2.32         0
     23/99     14.6G      3.87      3.21         0      7.08       203       416     0.716     0.351      0.47     0.471      3.56      2.31         0
     24/99     14.6G      3.92      3.01         0      6.93       147       416     0.669     0.361     0.465     0.469      3.53      2.31         0
     25/99     14.6G      3.87      3.08         0      6.95       193       416     0.644     0.367     0.458     0.467      3.52      2.31         0
     26/99     14.6G      3.88      3.08         0      6.96       178       416     0.613     0.375     0.459     0.465       3.5      2.32         0
     27/99     14.6G      3.82      3.32         0      7.14       218       416     0.609     0.382     0.465      0.47      3.47      2.33         0
     28/99     14.6G      3.81         3         0      6.81       138       416     0.585     0.387      0.47     0.466      3.45      2.34         0
     29/99     14.6G      3.81      3.19         0         7       182       416     0.599     0.393     0.477     0.475      3.43      2.34         0
     30/99     14.6G      3.76      3.06         0      6.81       162       416     0.611     0.401     0.491     0.484      3.42      2.34         0
     31/99     14.6G      3.73      3.03         0      6.75       127       416     0.619     0.406     0.501      0.49       3.4      2.34         0
     32/99     14.6G      3.73      3.29         0      7.02       164       416     0.641      0.41     0.518       0.5      3.37      2.34         0
     33/99     14.6G       3.7      2.98         0      6.68       145       416     0.665     0.418     0.525     0.513      3.36      2.34         0
     34/99     14.6G      3.69      3.01         0       6.7       118       416     0.663     0.415     0.523      0.51      3.34      2.34         0
     35/99     14.6G      3.69      3.17         0      6.86       144       416     0.663     0.416     0.531     0.511      3.32      2.35         0
     36/99     14.6G      3.68      3.31         0      6.99       228       416     0.676     0.432     0.546     0.527      3.28      2.35         0
     37/99     14.6G      3.65       3.1         0      6.75       127       416     0.677     0.433     0.552     0.528      3.27      2.35         0
     38/99     14.6G      3.66      3.17         0      6.84       208       416     0.692     0.438     0.556     0.537      3.26      2.35         0
     39/99     14.6G      3.62       3.3         0      6.92       152       416     0.703      0.44     0.564     0.541      3.25      2.35         0
     40/99     14.6G      3.58      3.18         0      6.76       169       416     0.709     0.443     0.574     0.545      3.22      2.36         0
     41/99     14.6G      3.57      3.11         0      6.68       125       416     0.712     0.448     0.578      0.55      3.21      2.36         0
     42/99     14.6G      3.56      3.24         0      6.81       147       416     0.709     0.453     0.585     0.553       3.2      2.36         0
     43/99     14.6G      3.55      3.39         0      6.93       217       416     0.705     0.452     0.585     0.551      3.18      2.36         0
     44/99     14.6G      3.55      3.02         0      6.57       152       416     0.709     0.464      0.59     0.561      3.16      2.36         0
     45/99     14.6G      3.52      3.31         0      6.82       201       416     0.701     0.467     0.595     0.561      3.14      2.36         0
     46/99     14.6G       3.5      3.25         0      6.75       183       416     0.708     0.468     0.601     0.563      3.13      2.36         0
     47/99     14.6G       3.5      3.15         0      6.65       180       416     0.709     0.472     0.603     0.567      3.12      2.36         0
     48/99     14.6G      3.45      3.35         0      6.81       183       416     0.717     0.487     0.608      0.58       3.1      2.36         0
     49/99     14.6G      3.47      3.27         0      6.74       145       416     0.718     0.493     0.611     0.585      3.09      2.36         0
     50/99     14.6G      3.43      3.24         0      6.67       168       416     0.719     0.498     0.614     0.589      3.08      2.36         0
     51/99     14.6G      3.43      3.18         0      6.62       153       416     0.712     0.501     0.614     0.588      3.07      2.36         0
     52/99     14.6G      3.44      3.17         0      6.61       184       416     0.715     0.505     0.621     0.592      3.05      2.36         0
     53/99     14.6G       3.4      3.29         0      6.69       165       416     0.726     0.514     0.631     0.602      3.04      2.36         0
     54/99     14.6G      3.44      3.28         0      6.72       187       416     0.736     0.514     0.634     0.605      3.03      2.36         0
     55/99     14.6G      3.37      3.13         0      6.49       162       416     0.746     0.515     0.641     0.609      3.03      2.36         0
     56/99     14.6G       3.4      3.38         0      6.79       211       416     0.754     0.514     0.645     0.611      3.02      2.36         0
     57/99     14.6G      3.39      3.32         0      6.72       181       416     0.758     0.514     0.646     0.612      3.01      2.36         0
     58/99     14.6G      3.39      3.07         0      6.46       152       416     0.764     0.517      0.65     0.617         3      2.36         0
     59/99     14.6G      3.35      3.35         0       6.7       193       416     0.765     0.519     0.654     0.618      2.98      2.36         0
     60/99     14.6G      3.35       3.3         0      6.65       173       416      0.76     0.517     0.655     0.615      2.96      2.36         0
     61/99     14.6G      3.41      3.12         0      6.52       166       416     0.763      0.52     0.657     0.619      2.96      2.36         0
     62/99     14.6G      3.36      3.32         0      6.68       214       416     0.766     0.522     0.658     0.621      2.95      2.36         0
     63/99     14.6G      3.32      3.17         0      6.49       145       416      0.77     0.522     0.658     0.622      2.95      2.36         0
     64/99     14.6G      3.29      3.24         0      6.53       174       416      0.78     0.525     0.663     0.627      2.94      2.36         0
     65/99     14.6G      3.31      3.26         0      6.57       191       416      0.78     0.525     0.663     0.627      2.93      2.36         0
     66/99     14.6G      3.35      3.26         0      6.61       185       416     0.783     0.525     0.663     0.628      2.92      2.36         0
     67/99     14.6G      3.27      3.27         0      6.54       160       416     0.778     0.522      0.66     0.625      2.91      2.36         0
     68/99     14.6G      3.28      3.28         0      6.57       167       416     0.778     0.522     0.661     0.625       2.9      2.36         0
     69/99     14.6G       3.3      3.23         0      6.53       159       416     0.782     0.522     0.665     0.626      2.89      2.36         0
     70/99     14.6G       3.3      3.26         0      6.57       143       416     0.792     0.525     0.668     0.632      2.89      2.36         0
     71/99     14.6G      3.23      3.14         0      6.37       157       416     0.795     0.527     0.669     0.633      2.89      2.36         0
     72/99     14.6G      3.28      3.33         0      6.61       190       416     0.798     0.525     0.671     0.633      2.88      2.36         0
     73/99     14.6G      3.27      3.07         0      6.34       159       416     0.804     0.528     0.673     0.637      2.88      2.36         0
     74/99     14.6G      3.27      3.26         0      6.54       148       416     0.807     0.526     0.673     0.637      2.88      2.36         0
     75/99     14.6G      3.27      3.24         0      6.51       141       416     0.805     0.526     0.672     0.636      2.87      2.36         0
     76/99     14.6G      3.28      3.25         0      6.53       142       416     0.808     0.527     0.672     0.638      2.86      2.36         0
     77/99     14.6G      3.25      3.22         0      6.47       181       416     0.809      0.53     0.673      0.64      2.86      2.36         0
     78/99     14.6G      3.26      3.22         0      6.48       167       416     0.807     0.531     0.673      0.64      2.85      2.36         0
     79/99     14.6G      3.29       3.3         0      6.59       186       416     0.804     0.533     0.672     0.641      2.85      2.36         0
     80/99     14.6G      3.26      3.27         0      6.53       160       416     0.801     0.533     0.671      0.64      2.84      2.36         0
     81/99     14.6G      3.24      3.29         0      6.53       204       416     0.803     0.533     0.672      0.64      2.84      2.36         0
     82/99     14.6G      3.27      3.24         0      6.51       169       416     0.805     0.533     0.672     0.641      2.83      2.36         0
     83/99     14.6G      3.21      3.23         0      6.44       183       416     0.806     0.533     0.671     0.641      2.83      2.36         0
     84/99     14.6G      3.28      3.25         0      6.52       179       416     0.812     0.534     0.672     0.644      2.83      2.36         0
     85/99     14.6G      3.23       3.4         0      6.63       186       416      0.81     0.534     0.671     0.644      2.83      2.36         0
     86/99     14.6G      3.25      3.21         0      6.47       180       416     0.801     0.534     0.669     0.641      2.83      2.36         0
     87/99     14.6G      3.28      3.43         0      6.71       220       416     0.801     0.536     0.669     0.642      2.82      2.36         0
     88/99     14.6G      3.24       3.3         0      6.54       192       416       0.8     0.536     0.669     0.642      2.82      2.36         0
     89/99     14.6G      3.24      3.29         0      6.53       196       416       0.8     0.536     0.667     0.642      2.82      2.36         0
     90/99     14.6G      3.25       3.2         0      6.45       193       416     0.798     0.536     0.666     0.641      2.82      2.36         0
     91/99     14.6G      3.25      3.36         0      6.61       171       416     0.795     0.536     0.666      0.64      2.82      2.36         0
     92/99     14.6G      3.22      3.19         0      6.41       157       416     0.791     0.536     0.665     0.639      2.82      2.36         0
     93/99     14.6G      3.24      3.33         0      6.58       156       416     0.782     0.533     0.661     0.634      2.82      2.36         0
     94/99     14.6G      3.21       3.3         0      6.51       159       416     0.784     0.532     0.663     0.634      2.82      2.36         0
     95/99     14.6G      3.24      3.24         0      6.49       195       416     0.787     0.532     0.664     0.635      2.81      2.36         0
     96/99     14.6G      3.24      3.44         0      6.68       175       416     0.787     0.532     0.664     0.635      2.81      2.36         0
     97/99     14.6G      3.23      3.29         0      6.53       170       416     0.791     0.534     0.665     0.638      2.81      2.36         0
     98/99     14.6G      3.25       3.4         0      6.64       162       416     0.789     0.534     0.667     0.637      2.81      2.36         0
     99/99     14.6G      3.23      3.26         0      6.49       168       416     0.787     0.534     0.666     0.636      2.81      2.36         0
