      0/99     14.5G      5.37      19.6         0        25       139       416    0.0419      0.24    0.0167    0.0714      6.19      7.33         0
      1/99     14.6G      6.41        12         0      18.4       134       416    0.0149    0.0449   0.00166    0.0224       5.6      43.9         0
      2/99     14.6G      5.93      45.1         0        51       186       416    0.0179    0.0526   0.00466    0.0267      6.15      61.1         0
      3/99     14.6G      5.98      16.2         0      22.2       216       416         0         0         0         0      6.05      2.23         0
      4/99     14.6G      6.46      2.15         0      8.61       202       416         0         0         0         0      6.25      1.57         0
      5/99     14.6G      6.49      2.08         0      8.57       145       416         0         0         0         0      6.16      1.64         0
      6/99     14.6G       6.4      2.71         0      9.11       142       416         0         0         0         0      5.93      3.43         0
      7/99     14.6G      6.46      2.35         0      8.81       142       416         0         0         0         0      6.01      1.33         0
      8/99     14.6G      6.41      1.64         0      8.05       141       416         0         0         0         0      5.86       1.3         0
      9/99     14.6G      6.28       1.7         0      7.99       154       416         0         0         0         0      5.78      1.25         0
     10/99     14.6G      6.24      1.58         0      7.82       143       416         0         0         0         0      5.78      1.18         0
     11/99     14.6G      6.17      1.48         0      7.65       156       416         0         0   0.00423         0      5.82      1.06         0
     12/99     14.6G      6.14      1.38         0      7.53       143       416    0.0244   0.00155    0.0225   0.00291      5.98     0.962         0
     13/99     14.6G      6.45      1.14         0      7.59       135       416         0         0      0.01         0      6.18       0.9         0
     14/99     14.6G      6.22      1.25         0      7.47       191       416         0         0    0.0498         0      5.85     0.949         0
     15/99     14.6G      6.24       1.2         0      7.43       188       416         0         0    0.0511         0      5.97     0.864         0
     16/99     14.6G      6.24      1.19         0      7.42       154       416         0         0    0.0596         0       5.8     0.861         0
     17/99     14.6G      6.24      1.08         0      7.32       191       416         0         0    0.0621         0      5.83      0.83         0
     18/99     14.6G      6.14      1.14         0      7.28       166       416     0.154   0.00155    0.0657   0.00307      5.67     0.863         0
     19/99     14.6G      6.04       1.1         0      7.14       192       416     0.325    0.0186    0.0727    0.0351      5.69     0.846         0
     20/99     14.6G      5.92      1.23         0      7.15       198       416     0.222     0.116    0.0894     0.153      5.53     0.857         0
     21/99     14.6G      5.64      1.16         0       6.8       174       416     0.264     0.082     0.101     0.125      5.02     0.802         0
     22/99     14.6G      5.08      1.18         0      6.25       195       416         0         0         0         0      8.39       236         0
     23/99     14.6G      4.99      1.13         0      6.13       203       416         0         0         0         0       8.4       256         0
     24/99     14.6G      5.07      1.05         0      6.12       147       416         0         0         0         0      8.69       311         0
     25/99     14.6G      4.98      1.06         0      6.04       193       416         0         0  3.33e-07         0      8.53       288         0
     26/99     14.6G      4.96      1.08         0      6.04       178       416         0         0  1.19e-06         0      8.47       237         0
     27/99     14.6G      4.96      1.14         0       6.1       218       416         0         0  3.11e-06         0      8.36       200         0
     28/99     14.6G      4.91      1.03         0      5.94       138       416  0.000599    0.0279   8.6e-05   0.00117      8.23       178         0
     29/99     14.6G      4.92      1.09         0      6.01       182       416  0.000511    0.0294  0.000123     0.001      8.05       140         0
     30/99     14.6G       4.9         1         0       5.9       162       416   0.00118    0.0882   0.00032   0.00233      7.78      90.2         0
     31/99     14.6G      4.82     0.992         0      5.82       127       416   0.00209     0.203  0.000945   0.00413      7.56        67         0
     32/99     14.6G      4.83      1.09         0      5.92       164       416  0.000631    0.0789  0.000108   0.00125      7.81       137         0
     33/99     14.6G      4.81     0.951         0      5.76       145       416  0.000699    0.0898   0.00015   0.00139      7.61      96.1         0
     34/99     14.6G      4.82     0.953         0      5.78       118       416   0.00142     0.176  0.000406   0.00281      7.33        97         0
     35/99     14.6G      4.88      1.01         0      5.89       144       416   0.00118     0.139  0.000359   0.00234      7.32      94.7         0
     36/99     14.6G      4.83      1.08         0      5.91       228       416   0.00424      0.41   0.00226   0.00839      6.89      78.7         0
     37/99     14.6G       4.8     0.961         0      5.76       127       416    0.0051     0.471    0.0031    0.0101      6.75      66.9         0
     38/99     14.6G      4.82     0.999         0      5.82       208       416   0.00665     0.505   0.00434    0.0131      6.55      47.3         0
     39/99     14.6G       4.8      1.03         0      5.82       152       416    0.0053     0.452   0.00318    0.0105      6.64        47         0
     40/99     14.6G      4.76     0.938         0       5.7       169       416   0.00328     0.209   0.00136   0.00646      6.96      25.3         0
     41/99     14.6G      4.78     0.936         0      5.71       125       416   0.00509     0.249   0.00231   0.00997      6.82      18.7         0
     42/99     14.6G      4.77     0.942         0      5.71       147       416   0.00663     0.303   0.00365     0.013      6.64        16         0
     43/99     14.6G      4.78     0.972         0      5.75       217       416   0.00897     0.255   0.00573    0.0173      6.51      8.25         0
     44/99     14.6G      4.75     0.861         0      5.61       152       416    0.0107     0.523    0.0104     0.021         6        16         0
     45/99     14.6G      4.77     0.932         0       5.7       201       416   0.00886     0.528   0.00752    0.0174       5.8      21.7         0
     46/99     14.6G      4.75     0.915         0      5.67       183       416    0.0167     0.449     0.018    0.0321      5.73      6.37         0
     47/99     14.6G      4.74     0.855         0       5.6       180       416    0.0455     0.293    0.0421    0.0787      5.72      1.83         0
     48/99     14.6G      4.72     0.902         0      5.62       183       416    0.0598     0.241    0.0456    0.0959      5.69       1.4         0
     49/99     14.6G      4.74     0.856         0      5.59       145       416    0.0761     0.167      0.04     0.105      5.66      1.09         0
     50/99     14.6G      4.71     0.841         0      5.55       168       416    0.0962     0.186    0.0543     0.127      5.54      1.07         0
     51/99     14.6G       4.7     0.828         0      5.52       153       416     0.137     0.144    0.0689      0.14      5.45     0.861         0
     52/99     14.6G      4.71      0.82         0      5.53       184       416     0.224    0.0898    0.0792     0.128      5.45     0.683         0
     53/99     14.6G       4.7     0.855         0      5.56       165       416     0.211     0.149    0.0989     0.174       5.3     0.735         0
     54/99     14.6G      4.73     0.861         0      5.59       187       416     0.235     0.107     0.102     0.147      5.26     0.688         0
     55/99     14.6G      4.67     0.798         0      5.47       162       416     0.314      0.11     0.121     0.163      5.16     0.675         0
     56/99     14.6G      4.69     0.858         0      5.55       211       416     0.438    0.0944     0.146     0.155      5.15     0.635         0
     57/99     14.6G       4.7     0.852         0      5.55       181       416     0.386    0.0926     0.131     0.149       5.1     0.663         0
     58/99     14.6G      4.67     0.765         0      5.44       152       416      0.54    0.0759     0.147     0.133      5.06      0.65         0
     59/99     14.6G      4.68     0.835         0      5.52       193       416     0.477     0.082     0.146      0.14      5.07     0.644         0
     60/99     14.6G      4.67      0.82         0      5.49       173       416      0.61    0.0652     0.191     0.118      4.97     0.644         0
     61/99     14.6G      4.71     0.793         0       5.5       166       416     0.663    0.0669     0.232     0.121      4.92     0.637         0
     62/99     14.6G       4.7     0.831         0      5.53       214       416     0.715    0.0661      0.24     0.121       4.9     0.632         0
     63/99     14.6G      4.66       0.8         0      5.46       145       416     0.643    0.0464     0.242    0.0866      4.84     0.657         0
     64/99     14.6G      4.64     0.787         0      5.43       174       416     0.694    0.0774     0.346     0.139       4.8     0.615         0
     65/99     14.6G      4.66     0.796         0      5.46       191       416     0.788    0.0576     0.364     0.107      4.77     0.632         0
     66/99     14.6G      4.68     0.813         0       5.5       185       416     0.738      0.11     0.379     0.191      4.74     0.598         0
     67/99     14.6G      4.64     0.786         0      5.43       160       416     0.769    0.0514      0.39    0.0964      4.75     0.626         0
     68/99     14.6G      4.65     0.811         0      5.46       167       416     0.771     0.073     0.399     0.133      4.74      0.61         0
     69/99     14.6G      4.66     0.805         0      5.47       159       416     0.777    0.0755     0.405     0.138      4.71     0.615         0
     70/99     14.6G      4.65     0.797         0      5.45       143       416     0.789     0.116     0.417     0.202      4.68     0.598         0
     71/99     14.6G      4.63     0.754         0      5.39       157       416     0.893    0.0519     0.456     0.098       4.7      0.63         0
     72/99     14.6G      4.66     0.822         0      5.48       190       416     0.892    0.0769     0.491     0.142       4.7     0.609         0
     73/99     14.6G      4.64     0.751         0      5.39       159       416      0.93    0.0827     0.504     0.152       4.7     0.605         0
     74/99     14.6G      4.65     0.798         0      5.44       148       416     0.943     0.102     0.515     0.185      4.67     0.596         0
     75/99     14.6G      4.64      0.78         0      5.42       141       416     0.927    0.0789     0.521     0.145      4.67     0.608         0
     76/99     14.6G      4.65     0.779         0      5.43       142       416     0.942    0.0998     0.523      0.18      4.66     0.595         0
     77/99     14.6G      4.62     0.769         0      5.39       181       416     0.935     0.089     0.523     0.162      4.65     0.598         0
     78/99     14.6G      4.63     0.763         0      5.39       167       416     0.941    0.0996     0.533      0.18      4.65     0.591         0
     79/99     14.6G      4.65     0.812         0      5.47       186       416      0.95     0.118      0.54     0.209      4.66     0.581         0
     80/99     14.6G      4.65     0.793         0      5.45       160       416     0.952     0.122     0.544     0.216      4.64     0.581         0
     81/99     14.6G      4.63     0.783         0      5.41       204       416     0.953     0.127     0.554     0.223      4.64     0.578         0
     82/99     14.6G      4.65     0.795         0      5.44       169       416     0.958      0.14     0.561     0.244      4.62     0.569         0
     83/99     14.6G       4.6     0.771         0      5.37       183       416     0.957     0.139     0.571     0.243      4.61     0.572         0
     84/99     14.6G      4.65     0.785         0      5.43       179       416      0.96     0.149     0.582     0.259      4.61      0.56         0
     85/99     14.6G      4.63     0.816         0      5.44       186       416     0.962     0.158     0.582     0.272       4.6     0.552         0
     86/99     14.6G      4.64     0.787         0      5.43       180       416     0.965     0.172     0.587     0.292      4.58     0.544         0
     87/99     14.6G      4.65     0.829         0      5.47       220       416     0.965     0.173     0.588     0.294      4.58     0.542         0
     88/99     14.6G      4.64     0.782         0      5.42       192       416     0.952     0.182     0.591     0.306      4.58     0.537         0
     89/99     14.6G      4.61     0.779         0      5.39       196       416     0.952     0.183     0.592     0.307      4.58     0.535         0
     90/99     14.6G      4.63     0.758         0      5.39       193       416     0.954     0.192     0.594     0.319      4.58     0.531         0
     91/99     14.6G      4.63     0.798         0      5.43       171       416      0.95     0.205     0.596     0.338      4.58     0.525         0
     92/99     14.6G      4.62     0.747         0      5.37       157       416     0.947     0.219       0.6     0.356      4.57      0.52         0
     93/99     14.6G      4.63     0.815         0      5.45       156       416     0.944     0.235     0.602     0.377      4.57     0.515         0
     94/99     14.6G      4.63     0.787         0      5.41       159       416     0.943     0.257     0.602     0.404      4.57     0.511         0
     95/99     14.6G      4.64     0.779         0      5.41       195       416      0.94     0.269     0.602     0.418      4.56     0.507         0
     96/99     14.6G      4.64     0.828         0      5.47       175       416     0.937     0.276     0.605     0.426      4.56     0.504         0
     97/99     14.6G      4.62     0.806         0      5.43       170       416     0.939     0.285     0.607     0.437      4.55     0.501         0
     98/99     14.6G      4.66     0.818         0      5.47       162       416     0.932     0.296     0.609     0.449      4.55     0.498         0
     99/99     14.6G      4.62     0.782         0       5.4       168       416     0.919       0.3     0.624     0.453      4.55     0.496         0
