      0/99     1.91G      4.67      9.65         0      14.3        68       416     0.277    0.0998     0.121     0.147      3.83      5.33         0
      1/99     4.09G      4.14      6.01         0      10.1        57       416     0.411     0.231     0.252     0.295      3.55      4.66         0
      2/99     4.09G      3.84      5.33         0      9.17        64       416     0.465     0.433     0.415     0.449      3.28      3.82         0
      3/99     4.09G      3.56      2.93         0      6.48        92       416     0.709     0.402     0.552     0.514      3.16      2.62         0
      4/99     4.09G      3.35      2.81         0      6.16        91       416     0.542     0.673     0.639     0.601      3.06      2.56         0
      5/99     4.09G      3.13      2.92         0      6.06        82       416     0.608     0.632     0.661     0.619         3      2.45         0
      6/99     4.09G      3.01      2.71         0      5.72        66       416     0.599     0.678     0.692     0.636       2.8      2.51         0
      7/99     4.09G      2.93       2.8         0      5.73        65       416     0.635     0.666     0.695      0.65      2.67      2.52         0
      8/99     4.09G      2.79      2.87         0      5.66        60       416     0.706     0.709     0.754     0.707      2.38      2.55         0
      9/99     4.09G      2.66      2.86         0      5.52        95       416     0.733     0.703     0.755     0.718      2.24      2.58         0
     10/99     4.09G       2.6       2.9         0       5.5        74       416     0.744     0.718     0.772     0.731      2.18      2.58         0
     11/99     4.09G      2.46      2.84         0      5.29       111       416     0.806     0.721     0.797     0.761      2.11      2.55         0
     12/99     4.09G      2.44      2.83         0      5.27        82       416      0.83     0.742     0.825     0.784      2.01      2.52         0
     13/99     4.09G      2.38      2.81         0      5.19        72       416     0.837     0.737     0.831     0.784      1.99       2.5         0
     14/99     4.09G       2.3      2.83         0      5.13        39       416     0.865     0.751     0.854     0.804      1.97      2.48         0
     15/99     4.09G      2.27      2.78         0      5.05        78       416     0.877     0.759     0.862     0.813      1.92      2.45         0
     16/99     4.09G      2.17      2.83         0         5        63       416     0.882     0.785     0.879     0.831      1.94      2.44         0
     17/99     4.09G      2.16      2.72         0      4.88        49       416     0.904      0.77     0.883     0.832      1.85      2.41         0
     18/99     4.09G      2.14      2.84         0      4.99        88       416     0.876     0.793     0.883     0.832      1.88      2.37         0
     19/99     4.09G      2.07      2.68         0      4.75        96       416     0.874     0.814     0.898     0.843       1.8      2.33         0
     20/99     4.09G      2.11      2.82         0      4.93        70       416     0.896     0.799     0.901     0.844      1.79      2.29         0
     21/99     4.09G      2.03      2.76         0      4.79        46       416     0.916     0.805     0.912     0.857      1.76      2.24         0
     22/99     4.09G      2.02      2.76         0      4.78       120       416     0.906     0.828     0.914     0.865      1.74      2.21         0
     23/99     4.09G      1.95      2.61         0      4.56        82       416     0.909     0.824     0.913     0.864      1.71      2.16         0
     24/99     4.09G      1.96      2.64         0       4.6        72       416     0.891     0.845     0.915     0.867      1.68       2.1         0
     25/99     4.09G       1.9      2.53         0      4.44        50       416     0.838     0.858     0.907     0.848      1.65      2.06         0
     26/99     4.09G      1.88      2.45         0      4.33        66       416     0.809      0.86     0.902     0.834      1.68      2.05         0
     27/99     4.09G      1.92      2.56         0      4.48        94       416     0.761     0.867     0.899     0.811      1.64      2.01         0
     28/99     4.09G      1.88      2.42         0       4.3        67       416     0.766     0.873     0.896     0.816      1.66         2         0
     29/99     4.09G      1.88      2.48         0      4.36        63       416     0.732     0.887     0.895     0.802      1.65      1.97         0
     30/99     4.09G      1.81      2.36         0      4.17        50       416     0.746     0.889     0.893     0.811      1.61      1.95         0
     31/99     4.09G      1.83      2.36         0      4.19       100       416     0.752     0.886     0.902     0.814      1.63      1.94         0
     32/99     4.09G      1.85      2.45         0       4.3        73       416     0.751     0.884     0.906     0.812      1.61      1.92         0
     33/99     4.09G      1.78      2.27         0      4.05        95       416     0.781      0.88     0.908     0.828       1.6      1.89         0
     34/99     4.09G      1.77      2.36         0      4.13        53       416     0.786     0.889     0.915     0.834      1.59      1.88         0
     35/99     4.09G       1.8      2.43         0      4.23       102       416     0.775     0.887     0.918     0.828      1.55      1.86         0
     36/99     4.09G      1.81      2.35         0      4.16        94       416     0.768     0.895     0.917     0.827      1.55      1.84         0
     37/99     4.09G       1.8      2.39         0      4.19        80       416     0.788     0.897     0.927     0.839      1.55      1.84         0
     38/99     4.09G      1.77      2.28         0      4.06        68       416     0.778     0.902     0.925     0.835      1.54      1.83         0
     39/99     4.09G      1.78      2.41         0      4.19       100       416      0.78     0.898     0.924     0.834      1.53      1.81         0
     40/99     4.09G      1.74      2.27         0         4        60       416     0.788     0.904     0.926     0.842      1.53       1.8         0
     41/99     4.09G      1.75      2.31         0      4.06        75       416     0.798     0.909     0.934      0.85       1.5      1.78         0
     42/99     4.09G      1.74      2.33         0      4.07        88       416     0.797     0.902      0.93     0.846      1.52      1.77         0
     43/99     4.09G      1.74      2.29         0      4.02        78       416     0.819     0.907      0.94     0.861      1.51      1.77         0
     44/99     4.09G       1.7      2.14         0      3.84        68       416     0.828     0.904     0.937     0.865      1.51      1.76         0
     45/99     4.09G      1.71      2.23         0      3.94       108       416     0.829     0.907     0.937     0.867      1.49      1.75         0
     46/99     4.09G      1.69      2.24         0      3.92        67       416      0.83     0.908     0.938     0.867      1.49      1.74         0
     47/99     4.09G      1.67      2.11         0      3.78        54       416     0.834     0.912     0.943     0.871      1.48      1.73         0
     48/99     4.09G       1.7      2.27         0      3.96        86       416     0.835     0.909     0.942      0.87      1.49      1.72         0
     49/99     4.09G      1.66      2.19         0      3.85        50       416     0.833     0.913     0.944     0.871      1.46      1.71         0
     50/99     4.09G      1.66       2.2         0      3.86        64       416     0.841     0.912     0.946     0.875      1.48      1.72         0
     51/99     4.09G      1.66      2.19         0      3.85        43       416     0.845     0.916     0.948     0.879      1.46       1.7         0
     52/99     4.09G      1.64      2.09         0      3.73        84       416     0.849     0.912     0.948     0.879      1.46      1.69         0
     53/99     4.09G      1.67      2.22         0      3.89        69       416     0.847     0.912     0.946     0.878      1.45      1.69         0
     54/99     4.09G      1.67      2.19         0      3.87        55       416     0.854     0.913     0.946     0.883      1.45      1.68         0
     55/99     4.09G      1.63      2.14         0      3.77        88       416     0.848     0.915     0.947      0.88      1.44      1.67         0
     56/99     4.09G      1.67      2.19         0      3.86        72       416     0.847     0.918     0.948     0.881      1.44      1.67         0
     57/99     4.09G      1.68      2.17         0      3.85        72       416     0.853     0.915     0.947     0.883      1.43      1.66         0
     58/99     4.09G      1.63      2.08         0       3.7        43       416     0.861     0.915     0.949     0.887      1.44      1.66         0
     59/99     4.09G      1.66      2.22         0      3.88        69       416     0.863     0.916      0.95     0.889      1.43      1.66         0
     60/99     4.09G      1.64      2.16         0       3.8       111       416     0.867      0.91     0.949     0.888      1.44      1.65         0
     61/99     4.09G      1.66      2.07         0      3.72        43       416     0.863     0.912     0.948     0.887      1.42      1.64         0
     62/99     4.09G      1.65      2.14         0      3.79        77       416     0.863     0.912     0.949     0.887      1.42      1.64         0
     63/99     4.09G      1.63      2.08         0      3.71        59       416     0.869     0.912     0.951      0.89      1.43      1.64         0
     64/99     4.09G      1.61      2.01         0      3.61        55       416     0.873     0.914     0.952     0.893      1.43      1.64         0
     65/99     4.09G      1.63      2.05         0      3.68        87       416     0.873     0.913     0.949     0.892      1.42      1.63         0
     66/99     4.09G      1.65       2.1         0      3.75        62       416     0.855     0.916     0.949     0.885      1.42      1.63         0
     67/99     4.09G       1.6       2.1         0       3.7        80       416     0.863     0.913     0.947     0.887      1.41      1.62         0
     68/99     4.09G      1.62      2.14         0      3.77        70       416     0.867     0.921     0.953     0.893      1.41      1.63         0
     69/99     4.09G      1.62      2.05         0      3.68        49       416     0.868     0.916     0.951     0.892      1.41      1.62         0
     70/99     4.09G      1.62      2.14         0      3.76        71       416     0.864     0.917     0.951      0.89       1.4      1.62         0
     71/99     4.09G      1.59      2.05         0      3.64        88       416     0.871     0.919     0.952     0.894      1.41      1.61         0
     72/99     4.09G       1.6      2.08         0      3.68        85       416     0.867     0.918     0.951     0.891       1.4      1.61         0
     73/99     4.09G       1.6      2.01         0      3.61        54       416     0.865     0.918     0.951     0.891       1.4      1.61         0
     74/99     4.09G      1.62      2.09         0      3.71       113       416      0.86     0.918      0.95     0.888       1.4      1.61         0
     75/99     4.09G      1.62      2.08         0      3.71        93       416     0.867     0.922     0.951     0.894      1.39      1.61         0
     76/99     4.09G      1.63      2.09         0      3.73        85       416     0.866      0.92     0.952     0.892      1.39       1.6         0
     77/99     4.09G      1.58      2.02         0       3.6        79       416     0.864     0.922     0.952     0.892      1.39      1.61         0
     78/99     4.09G      1.59      2.03         0      3.62        60       416     0.866     0.921     0.952     0.893      1.39       1.6         0
     79/99     4.09G      1.63      2.06         0      3.68        47       416     0.867     0.923     0.953     0.894      1.39       1.6         0
     80/99     4.09G      1.61      2.08         0      3.69        86       416     0.866     0.924     0.953     0.894      1.39       1.6         0
     81/99     4.09G      1.57      2.01         0      3.58        65       416     0.866     0.924     0.953     0.894      1.39       1.6         0
     82/99     4.09G       1.6      2.04         0      3.64        38       416     0.865     0.924     0.952     0.894      1.38       1.6         0
     83/99     4.09G      1.56      2.07         0      3.63        54       416     0.867     0.923     0.953     0.894      1.39       1.6         0
     84/99     4.09G       1.6      2.04         0      3.64        64       416     0.865     0.924     0.952     0.894      1.39       1.6         0
     85/99     4.09G      1.61       2.1         0      3.71        96       416     0.865     0.923     0.953     0.893      1.38       1.6         0
     86/99     4.09G       1.6      2.01         0       3.6        71       416     0.864     0.926     0.954     0.894      1.39       1.6         0
     87/99     4.09G       1.6      2.03         0      3.63       108       416     0.864     0.925     0.952     0.893      1.38       1.6         0
     88/99     4.09G      1.59      2.04         0      3.63        62       416     0.864     0.923     0.953     0.892      1.39       1.6         0
     89/99     4.09G      1.58      2.06         0      3.64        58       416     0.864     0.923     0.952     0.892      1.38       1.6         0
     90/99     4.09G      1.58      1.99         0      3.57        44       416     0.863     0.924     0.952     0.892      1.38       1.6         0
     91/99     4.09G       1.6      2.08         0      3.68        54       416     0.865     0.924     0.953     0.894      1.38       1.6         0
     92/99     4.09G      1.55      1.99         0      3.54        32       416     0.865     0.925     0.953     0.894      1.38       1.6         0
     93/99     4.09G      1.61       2.1         0       3.7        75       416     0.864     0.924     0.953     0.893      1.38       1.6         0
     94/99     4.09G       1.6       2.1         0      3.71        79       416     0.867     0.925     0.953     0.895      1.38       1.6         0
     95/99     4.09G      1.58      1.97         0      3.55        55       416     0.863     0.925     0.952     0.893      1.38       1.6         0
     96/99     4.09G      1.62      2.15         0      3.77        45       416     0.866     0.924     0.952     0.894      1.38       1.6         0
     97/99     4.09G      1.61      2.12         0      3.73       112       416     0.869     0.923     0.953     0.895      1.38       1.6         0
     98/99     4.09G      1.62      2.11         0      3.73       114       416     0.869     0.923     0.953     0.895      1.38       1.6         0
     99/99     4.09G      1.62      2.11         0      3.73        71       416     0.869     0.923     0.952     0.895      1.38       1.6         0
