      0/99     14.5G      4.94      13.2         0      18.1       139       416     0.176   0.00619    0.0293     0.012      4.53      5.07         0
      1/99     14.6G      4.96      7.07         0        12       134       416    0.0765     0.115    0.0175    0.0917      5.68      4.26         0
      2/99     14.6G      5.15      6.69         0      11.8       186       416     0.139     0.169    0.0632     0.153      4.69      4.05         0
      3/99     14.6G      4.31       3.4         0      7.71       216       416     0.521     0.299     0.336      0.38      3.75      2.35         0
      4/99     14.6G      3.93      3.25         0      7.18       202       416     0.672     0.311     0.487     0.426      3.61      2.41         0
      5/99     14.6G      3.88      3.28         0      7.16       145       416     0.663     0.394     0.521     0.494      3.52      2.41         0
      6/99     14.6G      3.69      3.15         0      6.84       142       416     0.553     0.469     0.491     0.508       3.4      2.43         0
      7/99     14.6G      3.64      3.17         0       6.8       142       416     0.525      0.56     0.523     0.542      3.29      2.43         0
      8/99     14.6G      3.47      3.21         0      6.67       141       416     0.575     0.624     0.608     0.598      3.08      2.38         0
      9/99     14.6G      3.31      3.33         0      6.64       154       416     0.601     0.635      0.63     0.618      3.03      2.36         0
     10/99     14.6G      3.29      3.29         0      6.58       143       416     0.594     0.623     0.594     0.608      3.05      2.34         0
     11/99     14.6G      3.23      3.27         0       6.5       156       416      0.61     0.673     0.619      0.64      2.97      2.33         0
     12/99     14.6G      3.18      3.19         0      6.37       143       416     0.632     0.697     0.633     0.663      2.84      2.31         0
     13/99     14.6G      3.06      3.16         0      6.23       135       416      0.69     0.712     0.702     0.701      2.73       2.3         0
     14/99     14.6G      2.95       3.3         0      6.26       191       416     0.699     0.718     0.721     0.709      2.65      2.29         0
     15/99     14.6G      2.92      3.27         0      6.19       188       416     0.681      0.72     0.689       0.7      2.58      2.28         0
     16/99     14.6G      2.74      3.32         0      6.06       154       416      0.66     0.751     0.725     0.703      2.43       2.3         0
     17/99     14.6G      2.78       3.2         0      5.98       191       416     0.696     0.748     0.727     0.721      2.37      2.29         0
     18/99     14.6G      2.72      3.25         0      5.97       166       416     0.746     0.756     0.751     0.751      2.27      2.25         0
     19/99     14.6G       2.6      3.09         0      5.69       192       416     0.762     0.745     0.756     0.753      2.24       2.2         0
     20/99     14.6G      2.62      3.23         0      5.86       198       416     0.772     0.777     0.799     0.774      2.27      2.15         0
     21/99     14.6G      2.57      3.09         0      5.66       174       416     0.759      0.78     0.796     0.769       2.3      2.12         0
     22/99     14.6G      2.55      3.09         0      5.63       195       416     0.406     0.554     0.317     0.469      3.33      2.14         0
     23/99     14.6G       2.5      3.02         0      5.52       203       416     0.454     0.562      0.39     0.502      3.21      2.09         0
     24/99     14.6G      2.47      2.87         0      5.34       147       416     0.461     0.616     0.488     0.528      3.22      1.88         0
     25/99     14.6G       2.4      2.89         0      5.29       193       416     0.477     0.621     0.507      0.54       3.1       1.9         0
     26/99     14.6G      2.36      2.86         0      5.22       178       416     0.447     0.611     0.482     0.517      3.15      1.91         0
     27/99     14.6G      2.37         3         0      5.37       218       416     0.474     0.642      0.52     0.546      2.93       1.9         0
     28/99     14.6G       2.2      2.68         0      4.89       138       416     0.577     0.748     0.692     0.651      2.61      1.87         0
     29/99     14.6G      2.24      2.79         0      5.03       182       416     0.511     0.794     0.681     0.622       2.6      1.83         0
     30/99     14.6G      2.24      2.64         0      4.87       162       416     0.437     0.827     0.641     0.572      2.59      1.82         0
     31/99     14.6G      2.21      2.57         0      4.78       127       416     0.409     0.838     0.677      0.55      2.56      1.86         0
     32/99     14.6G       2.2      2.72         0      4.92       164       416     0.296     0.851     0.559      0.44      2.81      2.12         0
     33/99     14.6G      2.09      2.47         0      4.56       145       416     0.249     0.875      0.55     0.388      2.78      2.32         0
     34/99     14.6G      2.06      2.45         0      4.51       118       416     0.216     0.878     0.561     0.347      2.71      2.55         0
     35/99     14.6G      2.11      2.55         0      4.67       144       416       0.2     0.892     0.579     0.326      2.67      2.73         0
     36/99     14.6G      2.09      2.59         0      4.67       228       416       0.2     0.913     0.627     0.328       2.4      2.79         0
     37/99     14.6G      2.01      2.46         0      4.47       127       416      0.21     0.913     0.652     0.341      2.37      2.76         0
     38/99     14.6G      2.04      2.49         0      4.53       208       416     0.227     0.912     0.635     0.364      2.37      2.65         0
     39/99     14.6G      2.03       2.5         0      4.53       152       416     0.242     0.909     0.638     0.382       2.3      2.52         0
     40/99     14.6G      1.97      2.41         0      4.38       169       416     0.273     0.912     0.692      0.42      2.33      2.39         0
     41/99     14.6G      2.01      2.37         0      4.38       125       416     0.305     0.912       0.7     0.457      2.29      2.27         0
     42/99     14.6G      1.99      2.44         0      4.43       147       416     0.326     0.913     0.704     0.481      2.22      2.16         0
     43/99     14.6G      2.01      2.53         0      4.54       217       416      0.36     0.912     0.744     0.517       2.1      2.04         0
     44/99     14.6G      1.91      2.28         0      4.19       152       416     0.367     0.916     0.717     0.524      2.27      2.09         0
     45/99     14.6G      1.91      2.45         0      4.36       201       416     0.364     0.915     0.708      0.52      2.26      2.06         0
     46/99     14.6G       1.9       2.4         0       4.3       183       416     0.374      0.92     0.735     0.532      2.23      2.05         0
     47/99     14.6G      1.89      2.33         0      4.22       180       416      0.39     0.924     0.766     0.548      2.17      2.02         0
     48/99     14.6G      1.88      2.45         0      4.34       183       416      0.39     0.924     0.787     0.548      2.01      1.97         0
     49/99     14.6G      1.85      2.37         0      4.22       145       416     0.396     0.927     0.795     0.555      2.02      1.97         0
     50/99     14.6G      1.83      2.35         0      4.19       168       416     0.399     0.926     0.803     0.558      1.95      1.92         0
     51/99     14.6G      1.83      2.29         0      4.12       153       416     0.407     0.929     0.802     0.566      1.93       1.9         0
     52/99     14.6G      1.83      2.29         0      4.12       184       416     0.409      0.93     0.784     0.568      2.04      1.91         0
     53/99     14.6G      1.82      2.34         0      4.16       165       416     0.421     0.926      0.81     0.578      2.01      1.87         0
     54/99     14.6G      1.84      2.36         0       4.2       187       416     0.435     0.926     0.816     0.592      1.94      1.81         0
     55/99     14.6G      1.74      2.21         0      3.96       162       416     0.456     0.926     0.825     0.611      1.93      1.77         0
     56/99     14.6G       1.8      2.38         0      4.18       211       416      0.46     0.927     0.831     0.615      1.86      1.72         0
     57/99     14.6G       1.8      2.33         0      4.12       181       416     0.479     0.929     0.839     0.632      1.83      1.69         0
     58/99     14.6G      1.77       2.2         0      3.97       152       416     0.496     0.927     0.846     0.646      1.89      1.69         0
     59/99     14.6G      1.78       2.3         0      4.09       193       416     0.519     0.924     0.857     0.664      1.87      1.66         0
     60/99     14.6G      1.78      2.25         0      4.03       173       416     0.524     0.926     0.856     0.669      1.81      1.61         0
     61/99     14.6G       1.8       2.2         0         4       166       416     0.522     0.924     0.853     0.667      1.85      1.61         0
     62/99     14.6G       1.8      2.28         0      4.08       214       416     0.537     0.921     0.857     0.678      1.82      1.58         0
     63/99     14.6G      1.74      2.17         0      3.91       145       416     0.529     0.921     0.852     0.672      1.86      1.59         0
     64/99     14.6G      1.72      2.18         0       3.9       174       416     0.562      0.92     0.865     0.697      1.77      1.53         0
     65/99     14.6G      1.72      2.21         0      3.93       191       416     0.568     0.921     0.867     0.703       1.8      1.52         0
     66/99     14.6G      1.78      2.22         0      4.01       185       416     0.583      0.92     0.873     0.714      1.75      1.49         0
     67/99     14.6G      1.71       2.2         0      3.91       160       416     0.597     0.918     0.876     0.724      1.76      1.48         0
     68/99     14.6G      1.72      2.23         0      3.95       167       416       0.6      0.92     0.876     0.726      1.75      1.47         0
     69/99     14.6G      1.75      2.22         0      3.96       159       416     0.609     0.921     0.877     0.733      1.73      1.45         0
     70/99     14.6G      1.73      2.23         0      3.96       143       416     0.613      0.92     0.877     0.735      1.73      1.44         0
     71/99     14.6G      1.68      2.14         0      3.81       157       416     0.637     0.916     0.887     0.751      1.73      1.43         0
     72/99     14.6G      1.73      2.25         0      3.98       190       416     0.641     0.916     0.886     0.754      1.72      1.42         0
     73/99     14.6G      1.69       2.1         0      3.79       159       416     0.657     0.918     0.892     0.766      1.72      1.41         0
     74/99     14.6G      1.72       2.2         0      3.93       148       416     0.652     0.918     0.893     0.763      1.67      1.39         0
     75/99     14.6G       1.7      2.17         0      3.88       141       416     0.663      0.92     0.894     0.771      1.68      1.39         0
     76/99     14.6G      1.72      2.18         0       3.9       142       416     0.676     0.916     0.897     0.778      1.69      1.39         0
     77/99     14.6G      1.68      2.14         0      3.82       181       416      0.68     0.915     0.898      0.78      1.66      1.37         0
     78/99     14.6G       1.7      2.17         0      3.86       167       416     0.684     0.916     0.899     0.783      1.65      1.37         0
     79/99     14.6G      1.74      2.21         0      3.96       186       416     0.683     0.915     0.899     0.782      1.65      1.37         0
     80/99     14.6G      1.71      2.18         0      3.89       160       416     0.697     0.914     0.901     0.791      1.63      1.36         0
     81/99     14.6G      1.69      2.18         0      3.87       204       416     0.706     0.912     0.904     0.796      1.64      1.36         0
     82/99     14.6G      1.73      2.19         0      3.92       169       416     0.707      0.91     0.904     0.796      1.62      1.35         0
     83/99     14.6G      1.65      2.16         0       3.8       183       416     0.708     0.909     0.903     0.796      1.61      1.34         0
     84/99     14.6G      1.73      2.16         0      3.88       179       416     0.715     0.909     0.905       0.8      1.63      1.34         0
     85/99     14.6G       1.7      2.24         0      3.94       186       416     0.714     0.909     0.903       0.8      1.61      1.34         0
     86/99     14.6G       1.7      2.15         0      3.85       180       416     0.722     0.912     0.906     0.806       1.6      1.33         0
     87/99     14.6G      1.73      2.23         0      3.96       220       416     0.723     0.912     0.906     0.807      1.59      1.32         0
     88/99     14.6G       1.7      2.19         0      3.89       192       416     0.734     0.912     0.909     0.813      1.59      1.32         0
     89/99     14.6G      1.67      2.19         0      3.86       196       416     0.737     0.912     0.909     0.815      1.59      1.32         0
     90/99     14.6G      1.71      2.14         0      3.84       193       416     0.741     0.911      0.91     0.817      1.59      1.32         0
     91/99     14.6G      1.71       2.2         0      3.91       171       416     0.744      0.91     0.911     0.819      1.59      1.32         0
     92/99     14.6G      1.69       2.1         0      3.79       157       416     0.744     0.911     0.911     0.819      1.58      1.32         0
     93/99     14.6G      1.72      2.22         0      3.93       156       416     0.748     0.913     0.912     0.822      1.58      1.31         0
     94/99     14.6G      1.69      2.18         0      3.87       159       416     0.749     0.913     0.913     0.823      1.57      1.31         0
     95/99     14.6G       1.7      2.14         0      3.84       195       416      0.75     0.912     0.913     0.823      1.57      1.31         0
     96/99     14.6G      1.71      2.22         0      3.93       175       416     0.752     0.913     0.914     0.825      1.56      1.31         0
     97/99     14.6G      1.68       2.2         0      3.88       170       416     0.754     0.913     0.915     0.826      1.56       1.3         0
     98/99     14.6G      1.73      2.24         0      3.96       162       416     0.757     0.913     0.915     0.828      1.56       1.3         0
     99/99     14.6G       1.7      2.16         0      3.87       168       416     0.758     0.913     0.916     0.828      1.55       1.3         0
