      0/99     7.31G      5.37      12.4         0      17.8       139       416    0.0369     0.122    0.0167    0.0567      4.86      5.52         0
      1/99     10.2G      5.39       6.9         0      12.3       134       416    0.0984     0.136    0.0193     0.114      5.12      3.95         0
      2/99     10.2G       4.5      6.35         0      10.8       186       416     0.216     0.361     0.159      0.27      4.12      3.42         0
      3/99     10.2G      3.81      3.49         0       7.3       216       416     0.482     0.435     0.358     0.457       3.4       2.1         0
      4/99     10.2G      3.17      3.71         0      6.88       202       416     0.354     0.548     0.296      0.43      3.05      2.43         0
      5/99     10.2G      2.85      3.66         0      6.51       145       416     0.325     0.531      0.24     0.403      2.92      2.35         0
      6/99     10.2G      2.88      3.11         0      5.98       142       416     0.281     0.488     0.209     0.356       3.4      2.17         0
      7/99     10.2G      2.83      2.97         0       5.8       142       416     0.331     0.553     0.303     0.414      3.11      2.14         0
      8/99     10.2G      2.73      2.81         0      5.54       141       416     0.441     0.723     0.481     0.548      2.86      1.99         0
      9/99     10.2G      2.64      2.64         0      5.28       154       416     0.413     0.732     0.494     0.528      3.26      1.73         0
     10/99     10.2G      2.67      2.56         0      5.22       143       416     0.389     0.785     0.485      0.52      3.07      1.85         0
     11/99     10.2G      2.52      2.47         0      4.99       156       416     0.143     0.808     0.273     0.243      3.95      4.07         0
     12/99     10.2G      2.26      2.44         0       4.7       143       416     0.128     0.834     0.277     0.223      3.86      4.66         0
     13/99     10.2G      2.31      2.36         0      4.67       135       416     0.175      0.87     0.358     0.291      3.32      3.38         0
     14/99     10.2G      2.15      2.44         0       4.6       191       416     0.169     0.881     0.462     0.284      3.11      3.25         0
     15/99     10.2G      2.14      2.35         0      4.49       188       416     0.211     0.915     0.569     0.342      2.75      2.68         0
     16/99     10.2G      2.08      2.32         0       4.4       154       416     0.255     0.932     0.632       0.4      2.66      2.23         0
     17/99     10.2G      1.99      2.24         0      4.23       191       416     0.343      0.92     0.665       0.5      2.48      1.76         0
     18/99     10.2G      1.97      2.25         0      4.23       166       416     0.369     0.926     0.681     0.528      2.41      1.66         0
     19/99     10.2G      1.92      2.06         0      3.98       192       416     0.446     0.938     0.728     0.604      2.45      1.57         0
     20/99     10.2G      1.93      2.18         0      4.11       198       416     0.431     0.932     0.745     0.589      2.34      1.45         0
     21/99     10.2G      1.95      2.06         0      4.01       174       416      0.49     0.932     0.779     0.642      2.17      1.34         0
     22/99     10.2G      1.89      2.02         0       3.9       195       416     0.525     0.944      0.84     0.675      2.06      1.31         0
     23/99     10.2G      1.81      1.94         0      3.75       203       416     0.603     0.944     0.903     0.736      1.89      1.27         0
     24/99     10.2G      1.78      1.91         0       3.7       147       416     0.543     0.957     0.859     0.693      1.78      1.23         0
     25/99     10.2G      1.82      1.96         0      3.78       193       416     0.555      0.95     0.838     0.701      1.73      1.16         0
     26/99     10.2G      1.77      1.86         0      3.63       178       416     0.601     0.938     0.833     0.733      1.76      1.13         0
     27/99     10.2G      1.77      1.95         0      3.72       218       416     0.609      0.95     0.858     0.742      1.74      1.09         0
     28/99     10.2G      1.66      1.81         0      3.47       138       416     0.675     0.954     0.911      0.79      1.75      1.12         0
     29/99     10.2G      1.69       1.9         0      3.59       182       416     0.735     0.952      0.92      0.83      1.68      1.12         0
     30/99     10.2G      1.64      1.81         0      3.45       162       416     0.693     0.957     0.909     0.804      1.76      1.11         0
     31/99     10.2G      1.61       1.8         0      3.41       127       416     0.875     0.958     0.961     0.914      1.47       1.1         0
     32/99     10.2G      1.58      1.87         0      3.44       164       416     0.716     0.955     0.908     0.819      1.57      1.11         0
     33/99     10.2G      1.52      1.72         0      3.23       145       416     0.755     0.957     0.931     0.844      1.46      1.09         0
     34/99     10.2G      1.52      1.76         0      3.28       118       416     0.786      0.96     0.935     0.864      1.43      1.11         0
     35/99     10.2G      1.53      1.81         0      3.35       144       416     0.724     0.961     0.918     0.826       1.5      1.07         0
     36/99     10.2G      1.56      1.78         0      3.33       228       416      0.86     0.958     0.964     0.906      1.38      1.05         0
     37/99     10.2G      1.47      1.79         0      3.25       127       416     0.902     0.957     0.971     0.928       1.4      1.05         0
     38/99     10.2G      1.44      1.72         0      3.16       208       416     0.884     0.963     0.969     0.922      1.28      1.04         0
     39/99     10.2G      1.46      1.75         0      3.21       152       416     0.885     0.957     0.964     0.919       1.4      1.03         0
     40/99     10.2G      1.39      1.69         0      3.08       169       416     0.863     0.964     0.965     0.911      1.36      1.02         0
     41/99     10.2G      1.38      1.69         0      3.06       125       416     0.844     0.964     0.949       0.9      1.24     0.989         0
     42/99     10.2G      1.35      1.68         0      3.03       147       416      0.81     0.966     0.947     0.881      1.31     0.982         0
     43/99     10.2G      1.39      1.73         0      3.12       217       416     0.906     0.966     0.972     0.935      1.25      1.01         0
     44/99     10.2G      1.31      1.57         0      2.88       152       416     0.911     0.966     0.976     0.938      1.33     0.988         0
     45/99     10.2G      1.32      1.63         0      2.95       201       416     0.924     0.963     0.975     0.943      1.24     0.964         0
     46/99     10.2G       1.3      1.65         0      2.96       183       416     0.931     0.964     0.977     0.948      1.36     0.993         0
     47/99     10.2G      1.26      1.58         0      2.83       180       416     0.934      0.96     0.975     0.946       1.3     0.974         0
     48/99     10.2G      1.31      1.67         0      2.98       183       416     0.924     0.964     0.975     0.944      1.08     0.937         0
     49/99     10.2G      1.26       1.6         0      2.86       145       416     0.934     0.962     0.974     0.948      1.11     0.948         0
     50/99     10.2G      1.24      1.67         0      2.91       168       416     0.929     0.963     0.975     0.946      1.04     0.916         0
     51/99     10.2G      1.24      1.57         0      2.81       153       416     0.941      0.96     0.975      0.95      1.03     0.938         0
     52/99     10.2G      1.15      1.56         0      2.71       184       416     0.938      0.96     0.976     0.949      1.18     0.924         0
     53/99     10.2G      1.13      1.59         0      2.72       165       416     0.936     0.966     0.977     0.951      1.04     0.905         0
     54/99     10.2G      1.14      1.62         0      2.76       187       416     0.936     0.968     0.978     0.951      1.12     0.919         0
     55/99     10.2G      1.12      1.53         0      2.65       162       416     0.943      0.96     0.976     0.951      1.19     0.927         0
     56/99     10.2G      1.12       1.6         0      2.73       211       416     0.932     0.964     0.976     0.948      0.99     0.914         0
     57/99     10.2G      1.12      1.56         0      2.68       181       416     0.933     0.966     0.977     0.949     0.988     0.906         0
     58/99     10.2G      1.05      1.49         0      2.54       152       416      0.94     0.967     0.977     0.954      1.03     0.905         0
     59/99     10.2G      1.07       1.6         0      2.67       193       416     0.936     0.969     0.978     0.952     0.987     0.907         0
     60/99     10.2G      1.06      1.52         0      2.58       173       416     0.946     0.969     0.979     0.957      1.03     0.904         0
     61/99     10.2G      1.07      1.48         0      2.55       166       416     0.945     0.971     0.979     0.957     0.971     0.897         0
     62/99     10.2G      1.07      1.53         0      2.61       214       416     0.944     0.969     0.979     0.956     0.964     0.894         0
     63/99     10.2G      1.01      1.44         0      2.45       145       416     0.948     0.969     0.979     0.958         1     0.898         0
     64/99     10.2G      1.01      1.45         0      2.46       174       416      0.95     0.967     0.979     0.959     0.989     0.895         0
     65/99     10.2G      1.01      1.47         0      2.48       191       416     0.949     0.967     0.979     0.958     0.962     0.887         0
     66/99     10.2G      1.03      1.47         0       2.5       185       416     0.947     0.968     0.979     0.957     0.956      0.88         0
     67/99     10.2G     0.994      1.47         0      2.46       160       416     0.942     0.969     0.979     0.956     0.948     0.878         0
     68/99     10.2G      1.01      1.52         0      2.53       167       416     0.947     0.969     0.979     0.958      1.01     0.894         0
     69/99     10.2G      1.02      1.49         0      2.51       159       416     0.948     0.971     0.979     0.959     0.967     0.878         0
     70/99     10.2G     0.985       1.5         0      2.49       143       416     0.945     0.969     0.979     0.957     0.916     0.873         0
     71/99     10.2G     0.977      1.43         0       2.4       157       416     0.945     0.967     0.979     0.956     0.924     0.873         0
     72/99     10.2G      1.01      1.47         0      2.48       190       416     0.951     0.967     0.979     0.959     0.937     0.864         0
     73/99     10.2G         1      1.43         0      2.43       159       416     0.954     0.966     0.979      0.96      0.93     0.874         0
     74/99     10.2G     0.975      1.47         0      2.45       148       416     0.939     0.969     0.979     0.954     0.905     0.868         0
     75/99     10.2G     0.985      1.47         0      2.46       141       416     0.948     0.968      0.98     0.958     0.906     0.872         0
     76/99     10.2G     0.999      1.47         0      2.47       142       416     0.948     0.971      0.98     0.959     0.911     0.865         0
     77/99     10.2G     0.964      1.41         0      2.37       181       416     0.947     0.969      0.98     0.958     0.914     0.863         0
     78/99     10.2G     0.973      1.44         0      2.41       167       416     0.947     0.971      0.98     0.959     0.911     0.853         0
     79/99     10.2G         1      1.48         0      2.48       186       416     0.947     0.971      0.98     0.959     0.904     0.853         0
     80/99     10.2G     0.993      1.46         0      2.45       160       416     0.948     0.971      0.98     0.959     0.905     0.857         0
     81/99     10.2G     0.961      1.46         0      2.42       204       416      0.95     0.971      0.98      0.96     0.912     0.861         0
     82/99     10.2G     0.972      1.45         0      2.42       169       416      0.95     0.971      0.98      0.96       0.9     0.856         0
     83/99     10.2G     0.951      1.44         0      2.39       183       416     0.946     0.971      0.98     0.958     0.915     0.854         0
     84/99     10.2G     0.995      1.46         0      2.46       179       416     0.948     0.971      0.98     0.959     0.892      0.86         0
     85/99     10.2G     0.962      1.48         0      2.44       186       416     0.956     0.971      0.98     0.963      0.89     0.863         0
     86/99     10.2G     0.962      1.37         0      2.33       180       416     0.957     0.971      0.98     0.964     0.895     0.863         0
     87/99     10.2G     0.966      1.44         0      2.41       220       416     0.957     0.971      0.98     0.964      0.89     0.859         0
     88/99     10.2G     0.973      1.47         0      2.44       192       416     0.954     0.971      0.98     0.962     0.895     0.856         0
     89/99     10.2G     0.949      1.46         0      2.41       196       416     0.953      0.97      0.98     0.961     0.898     0.856         0
     90/99     10.2G      0.95      1.41         0      2.36       193       416     0.954     0.969      0.98     0.962     0.891     0.854         0
     91/99     10.2G     0.974      1.49         0      2.46       171       416     0.954     0.969      0.98     0.962      0.89     0.854         0
     92/99     10.2G     0.952      1.38         0      2.34       157       416     0.956      0.97      0.98     0.963     0.891     0.855         0
     93/99     10.2G     0.993      1.48         0      2.47       156       416     0.955     0.969      0.98     0.962     0.887     0.854         0
     94/99     10.2G     0.963      1.47         0      2.44       159       416     0.954      0.97      0.98     0.962     0.888     0.854         0
     95/99     10.2G     0.948      1.37         0      2.31       195       416     0.954      0.97      0.98     0.962     0.886     0.854         0
     96/99     10.2G     0.986      1.49         0      2.48       175       416     0.952     0.969      0.98      0.96     0.884     0.854         0
     97/99     10.2G     0.952      1.45         0       2.4       170       416     0.951      0.97      0.98      0.96     0.884     0.854         0
     98/99     10.2G     0.955      1.46         0      2.42       162       416     0.951      0.97      0.98     0.961     0.883     0.854         0
     99/99     10.2G     0.964      1.47         0      2.43       168       416      0.95     0.969      0.98      0.96     0.883     0.854         0
